4.81399
4.95531
0
4.85945
5.90064
5.66272
0
4.87855
0
5.27279
5.47955
4.84947
4.91556
5.28005
5.20406
5.32801
5.88771
0
0
5.33609
5.59908
5.31405
0
4.77059
5.05661
5.36547
0
4.37319
4.73887
5.21141
5.04815
4.2914
4.43068
5.83942
4.92771
0
4.82976
4.98936
0
4.90312
5.93977
5.73822
0
4.92633
0
5.2784
5.53443
4.88697
4.94637
5.28661
5.22786
5.32539
5.85309
0
0
5.31639
5.59628
5.34544
0
4.81172
5.09782
5.4657
0
4.39156
4.75175
5.19769
5.04464
4.31595
4.45404
5.85814
4.93979
0
4.82124
5.00747
0
4.89279
5.97182
5.38505
0
4.93154
0
5.12179
5.46435
4.88125
4.94737
5.2701
5.2286
5.36121
5.65696
0
0
5.26216
5.53105
5.38384
0
6.27424
5.13027
5.28931
0
4.43904
4.75109
5.20179
4.79148
4.30257
4.47394
4.68733
5.09019
0
4.78003
4.98103
0
4.87053
5.92012
5.34145
0
4.90541
0
5.07712
5.49903
4.85711
4.93078
5.22765
5.18655
5.31111
5.59967
0
0
5.25029
5.48688
5.33791
0
6.60951
5.32131
5.27719
0
4.41632
4.7011
5.21253
4.74182
4.30826
0
4.68058
5.03664
0
4.73849
4.96896
0
4.87197
5.86564
5.27267
0
4.90798
0
5.02339
5.50833
4.87146
4.91785
5.20526
5.20116
5.28349
5.56395
0
0
5.15448
5.41779
5.29745
0
6.55729
5.31901
5.17382
0
4.37642
4.64196
5.23747
4.70944
4.30743
0
4.69174
5.02833
0
4.78185
4.9758
0
4.85457
5.92043
5.34183
0
4.88655
0
5.11249
5.49924
4.85756
4.91405
5.22797
5.19128
5.34462
5.65906
0
0
5.25185
5.52203
5.339
0
0
5.3087
5.22899
0
4.42228
4.73626
5.20683
4.77031
4.28889
4.45411
4.68736
5.06157
0
4.77325
4.9789
0
4.87571
5.94722
5.34
0
4.90614
0
5.0859
5.51316
4.87901
4.93266
5.24039
5.23281
5.32231
5.61719
0
0
5.29975
5.60911
5.34049
0
0
5.09337
5.22273
0
4.4088
4.72184
5.22328
4.78165
4.30389
4.447
4.68127
5.0971
0
4.77477
4.98328
0
4.86045
5.96175
5.31968
0
4.89698
0
5.06822
5.49034
4.85272
4.92948
5.22009
5.19157
5.29397
5.62839
0
0
5.30987
5.70577
5.34963
0
0
5.06376
5.21954
0
4.39567
4.72821
5.238
4.7816
4.28723
4.44002
4.65216
5.05179
0
4.7774
4.98219
0
4.8573
5.94002
5.32227
0
4.89488
0
5.0646
5.4965
4.85548
4.91319
5.22321
5.18781
5.33088
5.60883
0
0
5.3348
5.9009
5.35702
0
0
5.0508
5.20357
0
4.38678
4.71541
5.22952
4.76328
4.29084
4.44018
4.66185
5.06933
0
4.79196
4.9703
0
4.86289
5.88539
5.33136
0
4.88118
0
5.08752
5.49349
4.85906
4.93008
5.25083
5.20965
5.31521
5.65729
0
0
5.38775
5.93332
5.37548
0
0
5.06761
5.31075
0
4.40614
4.74088
5.21775
4.78406
4.28759
4.44097
4.67139
5.0897
0
4.82768
5.024
0
4.90618
5.96929
5.37089
0
4.93181
0
5.12468
5.51167
4.88189
4.947
5.27231
5.22385
5.32285
5.66943
0
0
5.42767
6.23956
5.42125
0
0
5.0898
5.3159
0
4.42454
4.75441
5.26245
4.79269
4.29762
4.46262
4.69519
5.10246
0
5.41917
5.84987
1.50511
4.83371
6.37247
5.43633
1.79877
4.86326
0
6.03164
5.79664
4.84211
4.92689
6.20142
5.2336
6.21245
5.7482
0
4.182
6.3727
6.50488
6.28276
5.37768
4.00818
5.04475
5.19601
0
5.04491
5.47459
5.14814
5.37117
4.30495
4.48042
4.7162
5.10217
0
5.40623
5.6987
1.50648
4.88514
6.22955
5.52022
1.79667
4.8621
0
6.04846
5.64369
4.85242
4.8885
6.19811
5.21176
6.23988
5.94983
0
3.93865
6.40082
6.4743
6.23828
5.48418
3.90593
5.01734
5.22909
0
5.0224
5.48717
5.24978
5.42815
4.29081
4.44506
4.73017
5.06705
0
5.85593
0
1.49563
4.84563
6.2637
5.9105
1.80777
4.87547
0
6.6411
6.00427
4.88471
4.92968
6.47239
5.21204
6.6823
6.21933
0
4.1535
7.09611
6.56442
6.67019
5.67375
4.11519
5.07501
5.29824
0
5.45849
5.21472
5.14591
5.62276
4.28425
4.45197
4.69809
5.02871
0
5.82912
0
1.50855
4.85468
6.77936
5.86565
1.83481
4.88214
0
6.85583
6.08056
4.90284
4.94989
6.57669
5.24447
6.75285
6.54105
0
4.26728
6.88344
6.62577
6.67629
5.72889
4.0929
5.1021
5.2776
0
5.53406
0
5.25963
5.73849
4.29964
4.47853
4.70348
5.07069
0
4.80702
5.00805
0
4.8747
5.91233
5.40466
0
4.90689
0
5.14613
5.49053
4.87112
4.92939
5.2765
5.21123
5.33198
5.68304
0
0
5.3026
5.61334
5.38519
0
0
5.07163
5.2589
0
4.45737
4.78558
5.24657
4.83031
4.28609
4.43968
4.69159
5.07432
0
4.81899
4.99942
0
4.86505
5.92447
5.40425
0
4.91111
0
5.15582
5.50725
4.86567
4.93819
5.26795
5.20911
5.34615
5.66804
0
0
5.24945
5.45535
5.37225
0
0
5.06394
5.26585
0
4.45252
4.77069
5.21827
4.81027
4.28074
4.4419
4.66752
5.06456
0
4.80926
4.97981
0
4.85904
5.94604
5.35878
0
4.89279
0
5.10926
5.50764
4.86214
4.92434
5.24877
5.18862
5.31175
5.63889
0
0
5.19958
5.47189
5.36464
0
0
5.05738
5.22118
0
4.43586
4.78607
5.22856
4.76838
4.28762
4.44966
4.66991
5.06019
0
4.73181
4.98312
0
4.85279
5.90294
5.32092
0
4.85574
0
5.06798
5.47018
4.84442
4.89276
5.2373
5.20515
5.31703
5.55798
0
0
5.15287
5.44299
5.29718
0
0
5.03092
5.24819
0
4.39043
4.70446
5.23018
4.74241
4.26969
4.43574
4.66896
5.01587
0
4.78819
4.99331
0
4.86275
5.9379
5.3643
0
4.8872
0
5.09843
5.4959
4.85388
4.92266
5.24966
5.21013
5.297
5.63345
0
0
5.27552
5.52422
5.32979
0
0
5.07196
5.27607
0
4.41523
4.74535
5.19937
4.75996
4.28777
4.43332
4.68246
5.07287
0
4.77926
4.98892
0
4.87107
5.94132
5.32076
0
4.89746
0
5.04086
5.52626
4.87279
4.93505
5.22721
5.20116
5.28649
5.60096
0
0
5.23658
5.47867
5.31972
0
0
5.06538
5.25729
0
4.4142
4.69152
5.24864
4.72138
4.29381
4.44179
4.68723
5.05465
0
4.79127
4.9898
0
4.87097
5.9414
5.33013
0
4.91249
0
5.06532
5.48387
4.88072
4.9468
5.22937
5.20094
5.3225
5.61384
0
0
5.23451
5.47677
5.33434
0
0
5.09116
5.29344
0
4.39924
4.68945
5.2829
4.71825
4.29319
4.4421
4.70694
5.03018
0
4.75871
4.96543
0
4.85915
5.91938
5.33803
0
4.91059
0
5.04147
5.48643
4.85717
4.92895
5.22224
5.18793
5.29629
5.58489
0
0
5.18108
5.45854
5.28844
0
0
6.20035
5.22764
0
4.3676
4.62878
5.21278
4.7238
4.28381
4.42069
4.73048
4.98969
0
5.75883
0
1.51111
4.84971
6.35324
5.88698
1.8341
4.8924
0
6.20859
6.20715
4.86333
4.91895
6.56442
5.23039
6.79479
6.22215
0
4.29978
6.59509
6.68712
6.72802
5.63142
4.1411
5.07249
5.24462
0
5.29095
0
5.30264
5.57415
4.25176
4.43071
4.71312
4.99335
0
4.74677
4.95301
0
4.84798
5.93467
5.29619
0
4.89791
0
5.01218
5.48701
4.86569
4.93364
5.19197
5.19603
5.26819
5.55831
0
0
5.1567
5.43908
5.28243
0
0
5.06428
5.25042
0
4.36438
4.6011
5.2278
4.70062
4.29411
4.436
4.68021
4.9991
0
4.74651
4.96262
0
4.85121
5.90538
5.3109
0
4.87992
0
5.03561
5.49268
4.86437
4.91385
5.19308
5.18734
5.27023
5.57525
0
0
5.17525
5.45323
5.28501
0
0
5.0503
5.23082
0
4.37875
4.63352
5.23049
4.69757
4.27908
4.42623
4.68776
5.02406
0
4.76333
4.97354
0
4.87272
5.94055
5.3162
0
4.91911
0
5.03816
5.52009
4.8814
4.94203
5.20094
5.21748
5.30093
5.59996
0
0
5.2484
5.60928
5.32913
0
0
5.09229
5.30675
0
4.39021
4.67322
5.26346
4.71786
4.29914
4.43142
4.67288
5.01737
0
4.78331
4.99313
0
4.87959
5.97455
5.34567
0
4.90601
0
5.07545
5.52591
4.88226
4.93695
5.2189
5.21825
5.31953
5.63391
0
0
5.28694
5.58598
5.32918
0
0
5.09437
5.26192
0
4.39616
4.70313
5.2283
4.75182
4.30727
4.45488
4.67563
5.04764
0
4.76192
4.9606
0
4.86331
5.93933
5.32869
0
4.88641
0
5.06641
5.47867
4.86326
4.92685
5.20628
5.19425
5.29528
5.61952
0
0
5.26973
5.57088
5.29926
0
0
5.06388
5.18405
0
4.39741
4.70162
5.19233
4.76205
4.2861
4.44283
4.66584
5.05221
0
4.77606
5.00421
0
4.89262
5.9679
5.34958
0
4.93156
0
5.06847
5.51776
4.89165
4.95892
5.22097
5.22761
5.3151
5.64796
0
0
5.25855
5.61128
5.33455
0
0
5.10465
5.26585
0
4.40832
4.70051
5.25953
4.75317
4.29506
4.4568
4.67578
5.05602
0
4.80852
5.0158
0
4.9025
5.97999
5.37918
0
4.94319
0
5.09035
5.51665
4.88568
4.96085
5.23759
5.23387
5.33742
5.63164
0
0
5.28162
5.69463
5.34993
0
0
5.11053
5.27352
0
4.42097
4.71827
5.21896
4.78405
4.30482
4.44988
4.68641
5.10107
0
4.85576
5.06103
0
4.9393
5.99314
5.41313
0
4.99774
0
5.15144
5.62286
4.94995
5.03907
5.29997
5.26897
5.37832
5.71327
0
0
5.34264
5.58413
5.43558
0
0
5.12561
5.46012
0
4.40103
4.73684
5.3568
4.80142
4.36229
4.49532
4.67743
5.09855
0
4.83777
5.06198
0
4.9162
5.95724
5.43862
0
4.963
0
5.16391
5.51342
4.89124
4.94826
5.29281
5.24199
5.35908
5.73279
0
0
5.25562
5.74514
5.42131
0
0
5.12177
5.2638
0
4.47729
4.79333
5.39072
4.85685
4.30997
4.4872
4.74995
5.3114
0
4.82341
5.00647
0
4.89862
5.93686
5.38953
0
4.94306
0
5.08644
5.5236
4.88699
4.96521
5.25354
5.22496
5.32211
5.61844
0
0
5.26586
5.68541
5.36037
0
0
5.09216
5.26626
0
4.41937
4.73151
5.28635
4.79053
4.29653
4.45954
4.67134
5.07599
0
4.78437
4.98204
0
4.8666
5.95013
5.32783
0
4.90175
0
5.0439
5.4907
4.86998
4.92817
5.2115
5.20905
5.2742
5.60085
0
0
5.21695
5.78366
5.30839
0
0
5.0657
5.28655
0
4.37737
4.67769
5.23756
4.74919
4.29016
4.42485
4.66264
5.0386
0
4.78303
4.98612
0
4.88616
5.94274
5.34615
0
4.90163
0
5.05629
5.55054
4.86867
4.92379
5.21315
5.19373
5.30505
5.6099
0
0
5.29263
6.39612
5.34771
0
0
5.06224
5.2528
0
4.40181
4.69272
5.24832
4.76364
4.28195
4.44611
4.67314
5.08182
0
4.77011
4.98682
0
4.89281
5.89747
5.32803
0
4.92238
0
5.07244
5.49304
4.875
4.93566
5.22078
5.21119
5.27859
5.63013
0
0
5.30508
6.28036
5.3559
0
0
5.07853
5.23606
0
4.39664
4.68728
5.27122
4.75257
4.28344
4.44246
4.661
5.08295
0
4.82637
5.00696
0
4.88305
5.92635
5.37435
0
4.90598
0
5.11489
5.52531
4.86404
4.92181
5.22664
5.2023
5.33226
5.67589
0
0
5.24697
5.53372
5.33588
0
0
5.06795
5.18048
0
4.40514
4.72944
5.22164
4.77998
4.27668
4.44228
4.68384
5.06861
0
4.78945
4.98212
0
4.85942
5.90636
5.37392
0
4.90001
0
5.09854
5.47445
4.86668
4.92803
5.23661
5.19128
5.30267
5.66011
0
0
5.25989
5.50681
5.32622
0
0
5.05647
5.16341
0
4.41171
4.73957
5.21472
4.7799
4.2752
4.44206
4.67198
5.01948
0
4.79525
5.00879
0
4.87636
5.91726
5.36702
0
4.91091
0
5.12059
5.50388
4.8922
4.95037
5.26147
5.23485
5.35643
5.66471
0
0
5.23771
5.5228
5.36326
0
0
5.10631
5.27306
0
4.4201
4.71395
5.27861
4.81091
4.30272
4.46853
4.71077
5.07387
0
4.80037
5.00794
0
4.87111
5.93212
5.37063
0
4.90668
0
5.09705
5.48188
4.86954
4.93456
5.23919
5.20288
5.31348
5.63818
0
0
5.22169
5.47812
5.32468
0
0
5.06447
5.21653
0
4.39793
4.69903
5.24138
4.78075
4.29326
4.45934
4.70104
5.04444
0
4.774
4.98104
0
4.85758
5.85219
5.32134
0
4.9009
0
5.05282
5.53169
4.85538
4.9135
5.21803
5.19493
5.30531
5.60705
0
0
5.38502
5.48815
5.30519
0
0
5.06322
5.16528
0
4.38463
4.69204
5.28096
4.75878
4.27779
4.42688
4.66175
5.04032
0
4.77306
4.97173
0
4.86068
5.93716
5.3392
0
4.89601
0
5.0761
5.48146
4.87213
4.94951
5.22798
5.23379
5.32119
5.63891
0
0
5.35849
5.4963
5.31887
0
0
5.07688
5.24125
0
4.40784
4.91344
5.27045
4.75559
4.30609
4.4501
4.67343
5.05614
0
4.77244
4.97625
0
4.87611
5.95612
5.35244
0
4.89778
0
5.07349
5.48604
4.87535
4.93575
5.22022
5.21932
5.30862
5.6211
0
0
5.25924
5.58256
5.32209
0
0
5.07464
5.25961
0
4.40087
4.72444
5.25098
4.76803
4.2856
4.43907
4.6689
5.10208
0
4.83717
5.001
0
4.87171
5.94518
5.40998
0
4.90584
0
5.16445
5.52845
4.88408
4.94556
5.2945
5.21899
5.37044
5.72892
0
0
5.32248
5.56533
5.37156
0
0
5.96212
5.25562
0
4.44125
4.79136
5.23074
4.85731
4.2804
4.45257
4.6764
5.06764
0
4.79161
5.01065
0
4.89031
5.96435
5.39003
0
4.92128
0
5.11692
5.49727
4.88858
4.9505
5.25238
5.2314
5.30486
5.64966
0
0
5.2602
5.54227
5.35361
0
0
5.10352
5.2527
0
4.41092
4.7386
5.28561
4.81179
4.30402
4.44593
4.70696
5.13206
0
4.79999
5.00857
0
4.8939
5.95144
5.34648
0
4.91943
0
5.06538
5.4927
4.9024
4.95944
5.22093
5.22106
5.33548
5.60703
0
0
5.23419
5.49684
5.35455
0
0
5.10471
5.25132
0
4.39753
4.68476
5.30244
4.76219
4.30221
4.4495
4.68916
5.05482
0
4.80182
5.01672
0
4.92123
6.02502
5.32405
0
4.94328
0
5.00334
5.52886
4.90105
4.95267
5.20487
5.23607
5.3168
5.55574
0
0
5.15655
5.49542
5.27408
0
0
5.08616
5.33742
0
4.34715
4.63219
5.27502
4.70391
4.3143
4.43935
4.68897
5.0542
0
4.75301
4.96364
0
4.87457
5.97358
5.34265
0
4.90161
0
5.04222
5.45333
4.85138
4.93559
5.18235
5.20884
5.30305
5.56468
0
0
5.74895
5.4399
5.26702
0
0
5.04381
5.21472
0
4.36239
4.61843
5.25253
4.7065
4.28656
4.42759
4.83621
5.0032
0
4.71669
4.96769
0
4.88488
5.9542
5.29357
0
4.92602
0
4.94775
5.51185
4.88119
4.935
5.17065
5.21681
5.25854
5.49491
0
0
5.15372
5.34371
5.24511
0
0
5.08762
5.2574
0
4.31848
5.25074
5.28895
4.6398
4.31129
4.43539
4.78238
4.97398
0
4.73454
4.9622
0
4.86451
5.9496
5.3601
0
4.89896
0
5.03439
5.4578
4.86378
4.93182
5.18463
5.19757
5.30664
5.59918
0
0
5.11457
5.39353
5.25616
0
0
5.06746
5.34083
0
4.34986
4.60035
5.25441
4.73227
4.28605
4.4384
4.99494
5.00726
0
4.73573
4.96195
0
4.88056
5.95092
5.53147
0
4.90834
0
5.08096
5.49767
4.88515
4.93767
5.19117
5.21546
5.29358
5.66289
0
0
5.14253
5.40087
5.26282
0
0
5.12491
5.29198
0
4.32074
4.60885
5.25791
4.83209
4.31141
4.43068
5.39592
4.9167
0
4.77496
4.96471
0
4.88377
5.90801
5.67642
0
4.90221
0
5.19522
5.46877
4.87541
4.9277
5.22635
5.21999
5.32438
5.8606
0
0
5.17829
5.43438
5.26986
0
0
5.085
5.37178
0
4.33853
4.64321
5.26148
4.97692
4.29272
4.43691
5.74996
4.93736
0
4.80283
4.96754
0
4.8677
5.918
5.68402
0
4.90942
0
5.2241
5.4921
4.87229
4.9368
5.23312
5.21596
5.32629
5.85329
0
0
5.19928
5.44202
5.27353
0
0
5.07734
5.34994
0
4.34842
4.67067
5.2712
4.96668
4.29009
4.43927
5.75853
4.94354
0
4.75472
4.94927
0
4.86451
5.9612
5.64608
0
4.88977
0
5.18045
5.46184
4.8485
4.91219
5.24376
5.18819
5.30174
5.81076
0
0
5.15817
5.38935
5.24922
0
0
5.05393
5.41052
0
4.32441
4.64359
5.23314
4.95797
4.29994
4.44746
5.7187
4.9193
0
4.76114
4.95189
0
4.86011
5.92214
5.63361
0
4.89733
0
5.15305
5.50124
4.89503
4.9567
5.23059
5.23172
5.2995
5.81442
0
0
5.15289
5.40355
5.27381
0
0
5.09445
5.4493
0
4.3333
4.62421
5.29776
4.9348
4.3084
4.46525
5.67046
4.9004
0
4.79088
4.96171
0
4.86724
5.93045
5.71124
0
4.89311
0
5.22342
5.50084
4.89203
4.94448
5.25309
5.22093
5.32472
5.88069
0
0
5.23162
5.44706
5.29542
0
0
5.08747
5.50375
0
4.34574
4.6502
5.26772
4.9863
4.29344
4.43698
5.74354
4.94095
0
4.77965
4.94363
0
4.85716
5.9194
5.66816
0
4.88185
0
5.19899
5.4886
4.86403
4.9233
5.22005
5.18912
5.29602
5.84813
0
0
5.26522
5.4142
5.2376
0
0
5.05621
5.44088
0
4.32102
6.00907
5.25083
4.96457
4.28448
4.42387
5.73623
4.9317
0
4.74835
4.94083
0
4.85014
5.9321
5.61522
0
4.88987
0
5.15737
5.53304
4.87243
4.92305
5.19074
5.20098
5.29748
5.81027
0
0
5.18549
5.38754
5.23464
0
0
5.06061
5.36547
0
4.31502
6.0648
5.29984
4.90649
4.28515
4.43674
5.6756
4.89455
0
4.72207
4.95501
0
4.87843
5.9621
5.28575
0
4.87896
0
4.96429
5.55314
4.84928
4.92957
5.15815
5.19511
5.27228
5.50288
0
0
5.41158
5.32704
5.20624
0
0
5.03823
5.20888
0
4.33595
4.91196
5.29131
4.66431
4.28931
4.44169
4.787
4.96392
0
4.77015
4.944
0
4.87441
5.89996
5.66232
0
4.89556
0
5.17399
5.46356
4.85914
4.93472
5.22969
5.20221
5.30952
5.83766
0
0
5.17636
5.47638
5.26503
0
0
5.05055
5.41922
0
4.34184
4.65816
5.26675
4.92198
4.28442
4.43673
5.72639
4.88613
0
4.78817
4.97412
0
4.86669
5.92745
5.68561
0
4.89388
0
5.20195
5.50577
4.86675
4.93423
5.24699
5.2254
5.32101
5.84675
0
0
5.20294
5.467
5.27902
0
0
5.08074
5.44586
0
4.34515
4.64982
5.25755
4.95817
4.31521
4.45607
5.71455
4.95703
0
4.77438
4.96502
0
4.8705
5.93216
5.67061
0
4.89155
0
5.1728
5.49436
4.86393
4.92933
5.21497
5.19865
5.28987
5.84365
0
0
5.16877
5.41144
5.24344
0
0
5.05411
5.3801
0
4.33753
4.62518
5.22712
4.95305
4.27902
4.43755
5.72511
4.92723
0
4.76262
4.94169
0
4.84724
5.9204
5.64831
0
4.86837
0
5.16112
5.50589
4.84847
4.91092
5.21436
5.2011
5.30029
5.84435
0
0
5.16015
5.43261
5.24221
0
0
5.05669
5.48096
0
4.33178
4.62528
5.21706
4.94912
4.29914
4.42829
5.68359
4.94248
0
4.73554
4.93924
0
4.84267
5.91224
5.66974
0
4.85744
0
5.15563
5.45749
4.83662
4.90666
5.18365
5.17023
5.27385
5.82393
0
0
5.18405
5.66577
5.23842
0
0
5.03515
5.31159
0
4.31475
4.64467
5.25738
4.94839
4.2742
4.41244
5.69104
4.90027
0
4.88176
5.0176
0
4.8995
5.94744
5.71161
0
4.94634
0
5.28783
5.52247
4.90926
4.94473
5.34257
5.22616
5.43003
5.9033
0
0
5.36341
5.57416
5.36545
0
0
5.98796
5.52829
0
4.39816
4.75231
5.27736
5.02604
4.31836
4.4668
5.54439
5.01691
0
4.80215
4.98138
0
4.89163
5.96203
5.6306
0
4.92807
0
5.18814
5.53337
4.88325
4.93431
5.24948
5.21232
5.32499
5.8439
0
0
5.20367
5.43676
5.28503
0
0
5.04845
5.46503
0
4.37187
4.66057
5.26177
4.9734
4.31921
4.44992
5.62317
4.98065
0
4.77647
4.96933
0
4.86514
5.91182
5.64387
0
4.87081
0
5.20492
5.4622
4.83447
4.90264
5.25029
5.20079
5.31531
5.81496
0
0
5.16927
5.42328
5.25414
0
0
5.04003
5.44479
0
4.34723
4.65352
5.23725
4.96123
4.29566
4.43259
5.61395
4.98968
0
4.77167
4.95905
0
4.86245
5.92157
5.57948
0
4.92463
0
5.15434
5.53047
4.8746
4.94412
5.22276
5.19534
5.30686
5.77824
0
0
5.19196
5.42052
5.29311
0
0
5.07236
5.49359
0
4.34641
4.63142
5.23328
4.94666
4.31982
4.44446
5.51327
4.95731
0
4.80223
4.99909
0
4.90517
5.99373
5.35869
0
4.95323
0
5.03263
5.50379
4.9142
4.96103
5.21936
5.2035
5.30537
5.56393
0
0
5.18473
5.4414
5.30571
0
0
5.07836
5.28537
0
4.39315
4.655
5.23253
4.74474
4.30558
4.45731
4.73173
5.09552
0
4.74585
4.98115
0
4.85734
5.9508
5.30795
0
4.89627
0
5.0133
5.47965
4.86407
4.93665
5.20134
5.20576
5.27571
5.56157
0
0
5.14714
5.43364
5.30074
0
0
5.05644
5.2454
0
4.38555
4.64487
5.23104
4.71369
4.28528
4.44475
4.67227
5.07503
0
4.72789
4.95955
0
4.8479
5.94935
5.27196
0
4.87071
0
4.961
5.4511
4.85128
4.90064
5.17509
5.1899
5.26837
5.50855
0
0
5.06754
5.35172
5.23813
0
0
5.03857
5.25854
0
4.33234
4.56639
5.24039
4.66987
4.27896
4.42705
4.79678
4.94959
0
4.7528
4.97101
0
4.84663
5.89864
5.30775
0
4.87362
0
5.01559
5.46868
4.8506
4.90652
5.18615
5.17668
5.29456
5.56874
0
0
5.17294
5.46151
5.28752
0
0
5.04533
5.23867
0
4.38391
4.66822
5.22266
4.74489
4.2725
4.4271
4.66151
5.05546
0
4.73429
4.96965
0
4.8688
5.88867
5.29998
0
4.8994
0
4.99749
5.5409
4.89325
4.93598
5.18429
5.20226
5.29873
5.57325
0
0
5.18331
5.44071
5.29793
0
0
5.09996
5.27301
0
4.35032
4.62655
5.21197
4.70975
4.28655
4.44615
4.6663
5.07534
0
4.78016
4.99845
0
4.88474
5.97784
5.33804
0
4.92099
0
5.05267
5.49284
4.88737
4.94787
5.22445
5.22213
5.30501
5.61686
0
0
5.22407
5.4777
5.301
0
0
5.07937
5.19632
0
4.37641
4.67855
5.18849
4.77158
4.30212
4.45445
4.67994
5.1227
0
4.77065
4.99127
0
4.87782
5.89909
5.31354
0
4.90529
0
5.05167
5.52036
4.88604
4.94151
5.21844
5.23317
5.31459
5.59652
0
0
5.22435
5.49267
5.34471
0
0
5.22067
5.28449
0
4.38587
4.66049
5.27065
4.76108
4.30244
4.46276
4.68823
5.10225
0
4.77423
4.97529
0
4.87021
5.95771
5.30061
0
4.91044
0
4.99312
5.51197
4.86772
4.94274
5.19274
5.20952
5.27823
5.5562
0
0
5.14161
5.38043
5.28038
0
0
5.05444
5.24434
0
4.38702
4.63626
5.20477
4.69828
4.29195
4.44154
4.65135
5.03985
0
4.77079
4.95825
0
4.85618
5.95504
5.30542
0
4.87969
0
5.03485
5.49667
4.87302
4.92246
5.20972
5.20198
5.3324
5.59137
0
0
5.21472
5.49939
5.30599
0
0
5.05183
5.25182
0
4.38965
4.67731
5.24976
4.73552
4.2668
4.44258
4.6729
5.08494
0
4.76856
4.97667
0
4.87014
5.94924
5.31167
0
4.92157
0
5.01359
5.53892
4.88777
4.96418
5.18938
5.21215
5.29726
5.55266
0
0
5.17432
5.43321
5.29646
0
0
5.09331
5.24744
0
4.38577
4.65005
5.23107
4.69839
4.29576
4.46013
4.65486
5.02054
0
4.77693
4.97535
0
4.87939
5.96253
5.28921
0
4.93239
0
5.00904
5.51247
4.88758
4.94454
5.20041
5.20918
5.29572
5.51253
0
0
5.16703
5.42613
5.28354
0
0
5.06986
5.26492
0
4.39524
4.62047
5.25398
4.70337
4.2864
4.4539
4.65126
5.08658
0
4.76805
4.99474
0
4.87313
5.95123
5.25885
0
4.90322
0
4.98254
5.49169
4.87244
4.9362
5.20866
5.22048
5.29097
5.49765
0
0
5.15478
5.42567
5.2931
0
0
5.0743
5.24277
0
4.36579
4.60014
5.21769
4.68604
4.28445
4.44323
4.65177
5.01479
0
4.77301
4.99479
0
4.87534
5.98091
5.27375
0
4.91543
0
5.00436
5.48652
4.8767
4.93269
5.21632
5.22
5.29443
5.52948
0
0
5.16497
5.44631
5.30447
0
0
5.06851
5.28834
0
4.35263
4.61978
5.22144
4.68653
4.30128
4.43933
4.64826
5.00651
0
4.74938
4.9708
0
4.84798
5.9187
5.23634
0
4.88736
0
4.97509
5.47472
4.86233
4.92896
5.18012
5.20736
5.29877
5.47967
0
0
5.12464
5.41242
5.28712
0
0
5.06074
5.19889
0
4.37975
4.61363
5.22785
4.6712
4.30061
4.44798
4.66074
5.02739
0
4.77043
4.97243
0
4.86442
5.95323
5.25892
0
4.90169
0
4.97087
5.47222
4.88293
4.93654
5.21205
5.20347
5.28877
5.53225
0
0
5.20979
6.05303
5.27579
0
0
5.05216
5.25347
0
4.38217
4.61039
5.22401
4.70319
4.29138
4.44476
4.66694
5.06231
0
4.75167
4.97524
0
4.86888
5.93523
5.2373
0
4.88825
0
4.97364
5.49939
4.86475
4.91999
5.18639
5.19185
5.28475
5.49862
0
0
6.03114
5.46214
5.27341
0
0
5.05549
5.23039
0
4.38117
4.60166
5.21947
4.69256
4.27786
4.4467
4.67114
5.066
0
4.77966
4.99149
0
4.87497
5.95991
5.27067
0
4.92003
0
5.01928
5.4608
4.86996
4.93179
5.20899
5.20626
5.3261
5.69498
0
0
5.23068
5.45138
5.31135
0
0
5.06295
5.23006
0
4.38203
4.63402
5.21541
4.91254
4.30123
4.46379
4.67733
5.11137
0
4.7634
4.9685
0
4.85794
5.92217
5.25848
0
4.89673
0
5.00881
5.46931
4.86308
4.92244
5.21376
5.20513
5.30511
5.53772
0
0
5.43811
5.4803
5.28821
0
0
5.05295
5.2638
0
4.36995
5.67485
5.24629
4.69453
4.29263
4.44754
4.68472
5.10036
0
4.77626
4.99834
0
4.90723
5.91185
5.29078
0
4.94289
0
5.02216
5.51999
4.8996
4.96446
5.22121
5.2377
5.3001
5.54143
0
0
5.18642
5.58364
5.32837
0
0
5.11175
5.37203
0
4.40047
4.69156
5.27107
4.71644
4.31096
4.46258
4.68122
5.05332
0
5.08978
5.0916
0
4.88228
5.93628
5.79645
0
4.93886
0
5.68129
5.52342
4.8932
4.97044
5.58254
5.22936
5.63263
6.26921
0
0
5.98214
6.14773
5.7019
0
0
6.44985
5.27728
0
4.67917
5.2802
5.24805
5.40788
4.30968
4.49624
4.84537
5.26485
0
4.76838
4.98911
0
4.88152
5.9187
5.28161
0
4.90437
0
5.02584
5.51533
4.88969
4.95207
5.22093
5.2328
5.31593
5.54211
0
0
5.19041
5.46372
5.32845
0
0
5.09824
5.21472
0
4.39737
4.63283
5.26248
4.73979
4.30987
4.47135
4.79521
5.19817
0
4.77032
4.98519
0
4.85056
5.93541
5.27521
0
4.89076
0
5.00965
5.5162
4.88049
4.93816
5.22062
5.2146
5.32101
5.53571
0
0
5.17242
5.47711
5.31394
0
0
5.09178
5.33158
0
4.36997
4.62446
5.26908
4.6968
4.29767
4.43239
4.67791
5.08173
0
4.76966
4.99638
0
4.87672
5.92866
5.27587
0
4.90627
0
5.01086
5.51446
4.87386
4.9395
5.22331
5.21772
5.30758
5.55477
0
0
5.21692
6.12752
5.32391
0
0
5.08357
5.21009
0
4.37655
4.62699
5.24128
4.7172
4.30653
4.45783
4.67762
5.01515
0
4.79596
5.01159
0
4.89105
5.93586
5.30813
0
4.92875
0
5.00623
5.49056
4.8622
4.9317
5.22575
5.1922
5.31281
5.54232
0
0
5.18773
5.66334
5.30747
0
0
5.06518
5.2339
0
4.38842
4.62399
5.25163
4.7138
4.29328
4.44689
4.69517
5.07505
0
4.76994
4.98718
0
4.85897
5.91179
5.27523
0
4.89396
0
5.03978
5.4972
4.84734
4.92472
5.21245
5.18901
5.30301
5.5442
0
0
5.20702
5.51345
5.30708
0
0
5.05985
5.2263
0
4.4038
4.66018
5.19234
4.72429
4.29173
4.44409
4.65325
5.06992
0
4.78319
4.97658
0
4.86019
5.89469
5.28875
0
4.89209
0
5.03257
5.51069
4.87517
4.9441
5.22467
5.21141
5.3152
5.56016
0
0
5.22484
5.5181
5.32158
0
0
5.08006
5.27135
0
4.40438
4.66287
5.24279
4.72084
4.29187
4.44702
4.66779
5.06171
0
4.78953
4.99481
0
4.89142
5.94476
5.29657
0
4.93273
0
5.01209
5.50072
4.86293
4.94186
5.21352
5.22529
5.32159
5.52874
0
0
5.16649
5.4656
5.29889
0
0
5.0798
5.21954
0
4.38616
4.6299
5.26272
4.71636
4.30678
4.45347
4.66235
5.04452
0
4.75809
4.97648
0
4.83934
5.95941
5.26572
0
4.87717
0
5.0196
5.48876
4.84841
4.91612
5.20861
5.19029
5.3017
5.55253
0
0
5.18066
5.57463
5.285
0
0
5.04684
5.20616
0
4.37301
4.62732
5.22974
4.71435
4.28671
4.42927
4.65189
5.06494
0
4.79984
5.00872
0
4.90102
5.94084
5.29554
0
4.93646
0
5.00774
5.50895
4.87669
4.94825
5.22809
5.23618
5.31755
5.5579
0
0
5.1878
5.56173
5.31095
0
0
5.08663
5.1709
0
4.39013
4.61806
5.25198
4.71193
4.31613
4.46735
4.67279
5.06226
0
4.77827
4.98715
0
4.85701
5.93824
5.27396
0
4.9024
0
5.02397
5.496
4.85314
4.92196
5.21804
5.19481
5.3035
5.53731
0
0
5.17468
5.4727
5.30831
0
0
5.05598
5.20203
0
4.38302
4.61514
5.2635
4.73008
4.27743
4.43869
4.67884
5.08789
0
4.78013
4.98051
0
4.86544
5.95028
5.27868
0
4.89901
0
4.99265
5.49663
4.88161
4.92471
5.21067
5.2132
5.29453
5.51899
0
0
5.18262
5.47005
5.31182
0
0
5.07578
5.21664
0
4.38603
4.61606
5.26403
4.7072
4.29245
4.44582
4.68693
5.05464
0
4.77183
4.98805
0
4.87542
5.95248
5.28098
0
4.91021
0
5.01137
5.48807
4.88702
4.95269
5.23098
5.23733
5.30215
5.51988
0
0
5.18844
5.46382
5.3138
0
0
5.10777
5.25835
0
4.40892
4.62777
5.26477
4.72188
4.31785
4.45488
4.70343
5.08351
0
4.77168
4.98678
0
4.85444
5.98291
5.28285
0
4.90237
0
5.00576
5.5067
4.86432
4.92613
5.20184
5.20105
5.3
5.51155
0
0
5.1604
5.45868
5.30372
0
0
5.05473
5.22679
0
4.37157
4.62283
5.21082
4.72748
4.28283
4.42843
4.6556
5.10003
0
4.79864
4.99425
0
4.89354
5.92517
5.30169
0
4.91529
0
5.02763
5.52604
4.88845
4.94461
5.2255
5.23006
5.32506
5.53743
0
0
5.18516
5.47794
5.3175
0
0
5.07238
5.2348
0
4.384
4.62366
5.24046
4.74287
4.305
4.45204
4.68036
5.11556
0
4.79521
5.0042
0
4.88881
5.9457
5.29281
0
4.92009
0
5.0191
5.50964
4.89844
4.94834
5.22574
5.23814
5.31835
5.55205
0
0
5.1921
5.46977
5.32847
0
0
5.09983
5.23982
0
4.40827
4.62723
5.24149
4.78261
4.30344
4.47225
4.66911
5.05298
0
4.78869
4.98337
0
4.87104
5.96272
5.27822
0
4.90924
0
5.02475
5.48947
4.86225
4.93796
5.22619
5.21233
5.3127
5.56174
0
0
5.36265
5.47676
5.3146
0
0
5.06479
5.22251
0
4.40168
4.65943
5.24095
4.73328
4.28768
4.45081
4.67354
5.10915
0
4.74001
4.97388
0
4.86684
5.89983
5.24661
0
4.90385
0
4.96464
5.50603
4.88091
4.9424
5.19531
5.22776
5.30243
5.50003
0
0
5.14649
5.42472
5.28834
0
0
5.08862
5.26447
0
4.36915
4.60775
5.25907
4.70873
4.30907
4.45841
4.67703
5.07064
0
4.77833
4.98236
0
4.88714
5.94383
5.27688
0
4.91287
0
5.03272
5.47109
4.88655
4.94329
5.22964
5.22511
5.32787
5.55907
0
0
5.18464
5.48889
5.31321
0
0
5.07594
5.19768
0
4.41176
4.65066
5.27161
4.73038
4.3121
4.46654
4.67669
5.05929
0
4.76577
4.96834
0
4.86538
5.92214
5.27234
0
4.89656
0
4.99004
5.51011
4.87156
4.92618
5.19285
5.2124
5.29717
5.5203
0
0
5.18762
5.46985
5.29184
0
0
5.07589
5.26222
0
4.3799
4.6231
5.25375
4.70904
4.29839
4.45262
4.67206
5.09983
0
4.78114
4.99142
0
4.88472
5.99164
5.29133
0
4.90601
0
5.02797
5.48039
4.86622
4.93149
5.23743
5.22297
5.32634
5.5573
0
0
5.21757
5.59959
5.2991
0
0
5.06081
5.30334
0
4.40258
4.64825
5.25932
4.746
4.2857
4.44691
4.66393
5.07212
0
4.75682
4.95947
0
4.85057
5.89374
5.25772
0
4.8911
0
5.00519
5.49292
4.87635
4.93899
5.206
5.19913
5.29231
5.50229
0
0
5.1599
5.43052
5.28522
0
0
5.06623
5.26731
0
4.37351
4.61204
5.23978
4.66886
4.28459
4.43996
4.66731
5.03862
0
4.80898
5.0058
0
4.90571
5.95683
5.29288
0
4.93971
0
4.99584
5.50695
4.90036
4.96975
5.24476
5.24138
5.31647
5.52528
0
0
5.17622
5.59228
5.31401
0
0
5.11386
5.27805
0
4.37992
4.61546
5.29953
4.67945
4.32117
4.46754
4.67082
5.08068
0
4.74727
4.97735
0
4.88043
5.97978
5.27978
0
4.90074
0
5.01253
5.5109
4.87685
4.94797
5.20708
5.22929
5.3161
5.52888
0
0
5.19775
5.48893
5.31516
0
0
5.09567
5.26821
0
4.38119
4.62295
5.28803
4.68915
4.30716
4.44831
4.6914
5.06435
0
4.7706
4.97438
0
4.85624
5.90754
5.26412
0
4.89133
0
4.97795
5.49939
4.86039
4.9285
5.20335
5.20012
5.27801
5.49575
0
0
5.15355
5.42324
5.28217
0
0
5.06844
5.22365
0
4.38982
4.62232
5.22708
4.67374
4.29083
4.43867
4.64755
5.0458
0
4.76187
4.97507
0
4.8501
5.89678
5.24477
0
4.90133
0
4.97292
5.48203
4.86971
4.93357
5.1927
5.1981
5.301
5.48823
0
0
5.16104
5.43951
5.26579
0
0
5.05077
5.24321
0
4.38299
4.60673
5.23747
4.66979
4.27965
4.43057
4.63483
5.03656
0
4.75071
4.9613
0
4.84899
5.95962
5.25413
0
4.88804
0
4.9745
5.46236
4.8491
4.91403
5.19061
5.19473
5.29647
5.49356
0
0
5.13237
5.47782
5.29008
0
0
5.04767
5.18455
0
4.35701
4.61876
5.22084
4.66671
4.28618
4.43041
4.66734
5.06055
0
4.74761
4.95513
0
4.84213
5.89321
5.22833
0
4.88366
0
4.96838
5.475
4.85407
4.92575
5.17477
5.20988
5.27803
5.47193
0
0
5.12048
5.45353
5.27942
0
0
5.06732
5.28094
0
4.35939
4.57309
5.24448
4.65261
4.26974
4.42562
4.64421
5.00018
0
4.74981
4.97817
0
4.84296
5.89607
5.25515
0
4.88256
0
4.96626
5.46165
4.85415
4.91298
5.19167
5.19402
5.27328
5.49251
0
0
5.14557
5.47719
5.28887
0
0
5.05803
5.25307
0
4.36196
4.58592
5.21131
4.6611
4.27136
4.41124
4.63617
4.99439
0
4.78891
4.98669
0
4.89151
5.88154
5.30133
0
4.91413
0
5.02798
5.49548
4.90283
4.94864
5.22467
5.21975
5.33394
5.52855
0
0
5.20191
5.61305
5.34942
0
0
5.08373
5.28528
0
4.39724
4.63612
5.24604
4.68986
4.30231
4.44616
4.67169
5.03817
0
4.7771
4.9811
0
4.86462
5.93045
5.27343
0
4.89533
0
5.00094
5.49112
4.86516
4.93425
5.21191
5.20147
5.30297
5.5159
0
0
5.18997
5.61166
5.32586
0
0
5.06129
5.20134
0
4.39038
4.61917
5.22764
4.67496
4.29202
4.42504
4.64533
5.03385
0
4.78063
4.99544
0
4.87154
5.95546
5.28324
0
4.9162
0
5.01117
5.54247
4.90082
4.93859
5.21015
5.22446
5.32728
5.52476
0
0
5.24324
5.89326
5.43292
0
0
5.09238
5.28931
0
4.40418
4.62955
5.20054
4.68048
4.29817
4.43599
4.65256
5.05594
0
4.78972
4.99173
0
4.87375
5.90982
5.27098
0
4.90407
0
5.02221
5.50513
4.88859
4.95254
5.22965
5.22749
5.31944
5.54129
0
0
5.25719
6.22496
5.46908
0
0
5.09675
5.24304
0
4.40279
4.63205
5.26397
4.69056
4.31485
4.45337
4.66145
5.06527
0
4.77128
4.98657
0
4.88273
5.93702
5.27596
0
4.92119
0
5.00921
5.49894
4.89921
4.94791
5.21131
5.23166
5.31715
5.52977
0
0
5.1794
5.46694
5.30927
0
0
5.10791
5.26284
0
4.38703
4.61336
5.27319
4.68424
4.30889
4.45771
4.67122
5.0577
0
4.77251
5.0076
0
4.89326
5.96702
5.28549
0
4.91992
0
4.97942
5.50051
4.88173
4.92154
5.20733
5.22846
5.32043
5.5173
0
0
5.16967
5.47328
5.31312
0
0
5.10177
5.2638
0
4.35807
4.59735
5.26392
4.67365
4.30358
4.4473
4.67508
5.04998
0
4.74726
4.96697
0
4.86299
5.91346
5.25346
0
4.89231
0
4.99382
5.49012
4.85757
4.92356
5.19541
5.19802
5.28783
5.51565
0
0
5.14657
5.44576
5.2836
0
0
5.06471
5.18769
0
4.37575
4.6024
5.23225
4.67383
4.28654
4.43873
4.64875
5.04157
0
4.75482
4.97535
0
4.85659
5.88945
5.26432
0
4.89998
0
4.9719
5.46184
4.86577
4.93153
5.19313
5.19252
5.30492
5.4919
0
0
5.15239
5.41726
5.2811
0
0
5.06135
5.21739
0
4.37742
4.59459
5.21988
4.68278
4.28945
4.44
4.63436
5.04472
0
4.78715
5.00406
0
4.88741
5.93459
5.28308
0
4.93123
0
5.03044
5.51119
4.91282
4.95485
5.22161
5.22336
5.32075
5.5299
0
0
5.23905
5.49807
5.33415
0
0
5.10814
5.29425
0
4.39307
4.65171
5.2341
4.71431
4.32116
4.45856
4.68381
5.1055
0
4.75507
4.95434
0
4.84108
5.90458
5.27324
0
4.87872
0
5.02265
5.51052
4.8597
4.92246
5.20683
5.19953
5.30332
5.53426
0
0
5.19415
5.442
5.27572
0
0
5.04104
5.21818
0
4.37067
4.6402
5.23345
4.70918
4.28094
4.43331
4.66658
5.05184
0
4.74747
4.97276
0
4.85266
5.94017
5.25179
0
4.89194
0
4.97486
5.48862
4.85463
4.92411
5.16574
5.18552
5.28364
5.48426
0
0
5.13653
5.43118
5.2743
0
0
5.06223
5.14765
0
4.36563
4.6688
5.23027
4.67419
4.27328
4.43743
4.65033
5.05858
0
4.78592
5.00003
0
4.88706
5.95057
5.29298
0
4.92726
0
5.02572
5.50941
4.89615
4.9529
5.23038
5.21857
5.323
5.53843
0
0
5.17738
5.45705
5.31897
0
0
5.0848
5.22652
0
4.41123
4.65196
5.26996
4.70194
4.30817
4.45429
4.67417
5.077
0
4.8339
5.0019
0
4.85626
5.92037
5.40478
0
4.90809
0
5.19149
5.52052
4.88551
4.94716
5.30008
5.23097
5.38909
5.71681
0
0
5.38206
5.61675
5.4018
0
0
5.7078
5.23093
0
4.43976
4.76957
5.20121
4.86584
4.30912
4.46003
4.71835
5.12264
0
4.73524
4.94547
0
4.82462
5.89489
5.23489
0
4.8765
0
4.98515
5.48724
4.84172
4.91166
5.16773
5.17988
5.28918
5.48429
0
0
5.13865
5.43018
5.28233
0
0
5.0508
5.21765
0
4.35853
4.59066
5.25894
4.66528
4.2865
4.43804
4.64258
5.06823
0
4.77686
4.97694
0
4.87733
5.95778
5.23511
0
4.90423
0
4.99472
5.52196
4.88724
4.94883
5.22196
5.22601
5.30816
5.50209
0
0
5.15067
5.43566
5.31497
0
0
5.09215
5.29259
0
4.37841
4.59865
5.27202
4.68447
4.30859
4.46834
4.65656
5.06418
0
5.21116
5.15269
0
4.88771
5.89342
5.84075
0
4.94239
0
5.6578
5.50964
4.88526
4.95409
5.68641
5.22452
5.6193
6.01992
0
0
5.65041
5.95375
5.80941
0
0
6.64119
5.40435
0
4.81903
5.28929
5.29253
5.36645
4.29434
4.50165
4.90131
5.29248
0
4.80271
4.99568
0
4.88921
5.96733
5.30176
0
4.90358
0
5.04046
5.50577
4.8738
4.93661
5.21525
5.20654
5.31845
5.54667
0
0
5.19939
5.70233
5.31499
0
0
5.07936
5.3865
0
4.38307
4.63949
5.26407
4.72126
4.29171
4.44211
4.66429
5.07037
0
4.7599
4.98337
0
4.86215
5.88223
5.24429
0
4.9198
0
5.0016
5.46234
4.85623
4.93902
5.19304
5.20019
5.30908
5.5057
0
0
5.45166
5.42514
5.27558
0
0
5.03191
5.2454
0
4.36864
4.61576
5.26819
4.66813
4.28438
4.44995
4.66332
5.08282
0
4.77361
4.98635
0
4.89211
5.9209
5.28284
0
4.91497
0
5.00152
5.49272
4.86479
4.9337
5.1968
5.211
5.31427
5.61408
0
0
5.17414
5.44888
5.29575
0
0
5.06357
5.29141
0
4.37236
4.61729
5.22939
4.99614
4.29273
4.44337
4.66456
5.03846
0
4.78602
4.98066
0
4.88408
5.91994
5.26622
0
4.92128
0
5.01531
5.50979
4.88671
4.96219
5.22628
5.2371
5.33523
5.55356
0
0
5.51285
5.43179
5.3219
0
0
5.08957
5.20961
0
4.38829
5.19107
5.28333
4.70278
4.31427
4.46328
4.69147
5.08579
0
4.76189
4.96075
0
4.87308
5.88003
5.26224
0
4.89806
0
4.9921
5.45008
4.86548
4.92451
5.17162
5.2113
5.31433
5.52013
0
0
5.13513
5.63067
5.27865
0
0
5.05382
5.25347
0
4.34798
4.62988
5.29505
4.69497
4.27942
4.42685
4.64751
5.04349
0
4.79638
5.01665
0
4.90127
5.99545
5.28132
0
4.94493
0
5.03226
5.52379
4.89761
4.97494
5.2279
5.2279
5.34598
5.51794
0
0
5.17087
5.47063
5.32986
0
0
5.09496
5.30821
0
4.37607
4.62318
5.24668
4.70003
4.32704
4.46292
4.71319
5.0898
0
4.79922
4.98858
0
4.8523
5.905
5.34039
0
4.90649
0
5.05988
5.48393
4.87288
4.93387
5.24515
5.20368
5.31956
5.59599
0
0
5.20729
5.51729
5.32319
0
0
5.0611
5.21472
0
4.4081
4.69791
5.22736
4.78892
4.29055
4.47031
4.68896
5.07912
0
4.84712
5.02368
0
4.89018
5.90505
5.36444
0
4.93411
0
5.07078
5.47853
4.89423
4.9492
5.26663
5.22589
5.33066
5.60872
0
0
5.23575
5.5075
5.34614
0
0
5.08405
5.26099
0
4.41595
4.70317
5.2508
4.79878
4.30798
4.47362
4.6989
5.08955
0
4.77484
4.97136
0
4.85858
5.89131
5.27098
0
4.90613
0
5.03023
5.47651
4.84802
4.90772
5.20645
5.18907
5.31399
5.52967
0
0
5.18703
5.61469
5.29041
0
0
5.05633
5.29141
0
4.36996
4.63187
5.20558
4.70297
4.27873
4.4375
4.64416
5.06241
0
4.79641
5.01881
0
4.89582
5.93974
5.29647
0
4.93905
0
5.04487
5.48443
4.89626
4.94909
5.24325
5.23335
5.33927
5.55371
0
0
5.19933
5.61273
5.34049
0
0
5.10731
5.24304
0
4.37944
4.6235
5.28729
4.73415
4.30503
4.46077
4.68041
5.09716
0
4.7794
4.98369
0
4.86937
5.89632
5.25958
0
4.90585
0
5.02718
5.50115
4.87057
4.93503
5.22283
5.20462
5.30715
5.52922
0
0
5.39114
5.46225
5.29927
0
0
5.05449
5.19157
0
4.3909
4.6398
5.22208
4.71179
4.30907
4.45633
4.67268
5.1307
0
4.76898
4.99478
0
4.87743
5.90724
5.27773
0
4.90848
0
5.00845
5.4492
4.87698
4.94011
5.20723
5.20545
5.31407
5.55259
0
0
5.20196
5.44178
5.29394
0
0
5.07395
5.32627
0
4.35456
4.60301
5.26045
4.83214
4.29308
4.45033
4.66607
5.04289
0
4.79048
5.0167
0
4.8888
5.95822
5.31928
0
4.92974
0
5.05256
5.49706
4.88913
4.95187
5.217
5.22054
5.32896
5.56191
0
0
5.31953
5.48484
5.32338
0
0
5.09645
5.30675
0
4.38328
4.93966
5.27481
4.72962
4.30776
4.46095
4.67143
5.08109
0
4.76774
4.98428
0
4.87839
5.88359
5.27746
0
4.90937
0
5.03028
5.49701
4.85958
4.94156
5.21221
5.22319
5.32316
5.53406
0
0
5.29648
5.47807
5.30172
0
0
5.09374
5.29652
0
4.3643
4.95593
5.24857
4.72737
4.29884
4.45367
4.67408
5.06756
0
4.74638
4.96724
0
4.85498
5.88811
5.25671
0
4.88278
0
5.02137
5.46155
4.84871
4.92509
5.18506
5.20275
5.29194
5.53559
0
0
5.15305
5.4889
5.28186
0
0
5.05989
5.27442
0
4.36728
4.63291
5.23112
4.7221
4.29142
4.4296
4.64729
5.08337
0
5.17665
5.12347
0
4.87068
5.90331
5.90221
0
4.91664
0
5.81071
5.4694
4.86867
4.93855
5.65375
5.22131
5.62466
6.11262
0
0
5.7968
6.01382
5.77249
0
0
6.57416
5.40008
0
4.78783
5.44664
5.25728
5.58085
4.29931
4.47275
4.93294
5.33197
0
5.12821
5.1192
0
4.86266
5.91539
5.85062
0
4.89793
0
5.72075
5.46174
4.85865
4.93595
5.61113
5.20364
5.62786
6.0252
0
0
5.75342
5.94009
5.72525
0
0
6.46851
5.34264
0
4.7426
5.39605
5.20918
5.47546
4.28407
4.48731
4.91684
5.30575
0
4.81099
5.00311
0
4.88522
5.92328
5.33409
0
4.92715
0
5.05748
5.48444
4.87451
4.9428
5.22983
5.21214
5.31234
5.58171
0
0
5.18448
5.47356
5.31016
0
0
5.09411
5.23889
0
4.36885
4.64504
5.21644
4.77308
4.28496
4.44463
4.68008
5.03988
0
4.76021
4.97113
0
4.84718
5.91554
5.27303
0
4.88526
0
5.00769
5.47793
4.83931
4.89314
5.19292
5.19098
5.3082
5.53045
0
0
5.26572
6.30578
5.31568
0
0
5.03585
5.17864
0
4.36274
4.61158
5.24992
4.69855
4.2744
4.42856
4.64498
5.02578
0
4.73809
4.9751
0
4.85392
5.93558
5.23247
0
4.88253
0
4.99726
5.45711
4.8506
4.90688
5.16899
5.16871
5.28877
5.49567
0
0
6.29019
5.44658
5.26935
0
0
5.05464
5.23476
0
4.35665
4.59848
5.27333
4.6839
4.28571
4.41348
4.66271
5.04481
0
4.75062
4.97043
0
4.8624
5.92046
5.24208
0
4.90694
0
4.98557
5.47802
4.8878
4.94591
5.17947
5.22464
5.31504
5.74803
0
0
5.20222
5.41231
5.28482
0
0
5.07495
5.23878
0
4.34564
4.59158
5.25163
4.89983
4.29441
4.43859
4.66058
5.07458
0
4.77896
4.99246
0
4.87793
5.88814
5.27207
0
4.92538
0
5.02486
5.49836
4.89215
4.93879
5.20422
5.22453
5.32219
5.52653
0
0
5.42184
5.43558
5.30241
0
0
5.09258
5.2329
0
4.36733
5.99079
5.26935
4.70899
4.29672
4.44967
4.66636
5.07757
0
4.78059
4.97587
0
4.87117
5.89986
5.27423
0
4.91528
0
5.00985
5.51418
4.87436
4.93352
5.19956
5.20551
5.30896
5.51459
0
0
5.17283
5.5741
5.29198
0
0
5.06669
5.22057
0
4.39962
4.76207
5.24416
4.68099
4.28252
4.43437
4.6475
5.06042
0
6.14479
5.61108
0
4.85765
5.92277
6.29876
0
4.89772
0
6.18431
5.51834
4.88186
4.93047
6.49616
5.21653
6.16325
6.4257
0
0
6.23502
6.38077
6.46426
0
0
6.77199
5.63859
0
5.87076
6.00609
5.21694
6.03004
4.2992
4.57374
5.50391
5.90026
0
4.7865
4.98322
0
4.86953
5.90648
5.29598
0
4.90198
0
5.03108
5.48286
4.86678
4.92575
5.22181
5.21323
5.30057
5.58227
0
0
5.18878
5.46657
5.3122
0
0
5.09285
5.2319
0
4.35706
4.62727
5.25817
4.72626
4.28488
4.44707
4.87864
5.25191
0
4.77327
4.97513
0
4.86325
5.94475
5.27291
0
4.9027
0
5.0104
5.4642
4.86256
4.91996
5.20788
5.19669
5.30424
5.5344
0
0
5.18823
5.45828
5.29029
0
0
5.07291
5.25307
0
4.34938
4.59806
5.2429
4.72101
4.27736
4.43438
4.68646
5.06968
0
4.79155
4.97891
0
4.8465
5.89257
5.28783
0
4.8824
0
5.03546
5.4681
4.84442
4.89963
5.23313
5.19595
5.28649
5.53781
0
0
5.16059
5.43324
5.29939
0
0
5.05043
5.25703
0
4.35337
4.63472
5.24086
4.73704
4.27423
4.42785
4.68405
5.05668
0
4.80396
5.00324
0
4.89827
5.95631
5.28372
0
4.91754
0
5.0112
5.51346
4.88072
4.95683
5.22811
5.23265
5.33698
5.52486
0
0
5.17506
5.4449
5.32624
0
0
5.10393
5.26731
0
4.39147
4.63385
5.26806
4.7076
4.31865
4.45894
4.67117
5.05928
0
4.79373
4.99978
0
4.89036
5.93072
5.31937
0
4.9184
0
5.05147
5.51635
4.89817
4.96303
5.24955
5.22541
5.34777
5.57814
0
0
5.2339
5.50991
5.3364
0
0
5.10183
5.29967
0
4.39893
4.66536
5.21531
4.74091
4.31088
4.45712
4.67971
5.09291
0
4.75991
4.96496
0
4.85054
5.92105
5.25206
0
4.88046
0
4.9792
5.4803
4.84782
4.91403
5.19216
5.18782
5.27276
5.51303
0
0
5.14472
5.41107
5.26797
0
0
5.04555
5.17933
0
4.36468
4.60183
5.22474
4.70704
4.29007
4.44595
4.65114
5.0572
0
4.77435
4.99161
0
4.88122
5.92825
5.29227
0
4.91714
0
5.02459
5.51949
4.8714
4.94089
5.20329
5.20344
5.30237
5.51759
0
0
5.16248
5.45141
5.29095
0
0
5.07693
5.23146
0
4.36536
4.60988
5.25328
4.69842
4.29616
4.43997
4.66236
5.04211
0
4.79781
5.01814
0
4.89368
5.95594
5.29579
0
4.93224
0
5.03915
5.53482
4.88427
4.94423
5.22377
5.23471
5.33005
5.54401
0
0
5.20945
5.47495
5.33494
0
0
5.11201
5.23517
0
4.38095
4.65506
5.29847
4.72422
4.31571
4.4565
4.69647
5.09098
0
4.78513
5.00048
0
4.8999
5.90539
5.27695
0
4.95289
0
5.02848
5.4979
4.8765
4.95922
5.20753
5.22468
5.32064
5.52411
0
0
5.15308
5.43591
5.30942
0
0
5.09583
5.23638
0
4.36111
4.61137
5.20623
4.67878
4.29199
4.45126
4.65862
5.06834
0
4.78907
4.99586
0
4.88361
5.92399
5.2699
0
4.9105
0
4.9949
5.49427
4.85712
4.92719
5.19959
5.206
5.2879
5.54128
0
0
5.15478
5.42115
5.29189
0
0
5.06157
5.26585
0
4.35568
4.59517
5.27031
4.69748
4.293
4.43507
4.65548
5.064
0
4.79109
4.96889
0
4.872
5.89635
5.29084
0
4.90554
0
5.03606
5.51197
4.86505
4.91476
5.2223
5.1983
5.29814
5.53611
0
0
5.18473
5.42887
5.29424
0
0
5.89116
5.19056
0
4.36055
4.61724
5.23186
4.70305
4.28312
4.43268
4.67593
5.05069
0
4.77378
4.97923
0
4.87234
5.93987
5.26041
0
4.91106
0
4.99114
5.48265
4.87271
4.93636
5.21544
5.19738
5.29722
5.52032
0
0
5.16232
5.43129
5.30474
0
0
5.06852
5.34809
0
4.36902
4.6117
5.23193
4.68772
4.29376
4.43108
4.67005
5.07121
0
4.79346
4.98939
0
4.85093
5.90425
5.3021
0
4.89007
0
5.02896
5.48123
4.85497
4.92123
5.24221
5.20209
5.30621
5.54483
0
0
5.17485
5.44237
5.27994
0
0
5.05718
5.25012
0
4.37978
4.64815
5.26429
4.73477
4.28393
4.42577
4.6789
5.02441
0
4.79033
5.00299
0
4.87495
5.94232
5.28078
0
4.90304
0
5.0316
5.52606
4.87669
4.94588
5.21751
5.23341
5.31488
5.54335
0
0
5.20604
5.51374
5.3231
0
0
5.10387
5.30134
0
4.39208
4.62635
5.25593
4.72276
4.30789
4.44463
4.66925
5.04316
0
4.76761
4.96144
0
4.8491
5.87031
5.25547
0
4.88207
0
5.02991
5.4754
4.85838
4.92948
5.21296
5.21919
5.3016
5.52671
0
0
5.20552
5.51334
5.31947
0
0
5.06969
5.22273
0
4.37324
4.61558
5.23811
4.70385
4.28543
4.4247
4.65534
5.03622
0
4.80683
5.00642
0
4.86841
5.98036
5.2882
0
4.91151
0
5.0516
5.47377
4.88204
4.94192
5.22144
5.22496
5.3432
5.54125
0
0
5.21638
5.54819
5.34339
0
0
5.09108
5.23321
0
4.38721
4.65186
5.23908
4.72794
4.30089
4.43335
4.67828
5.08454
0
4.78389
4.99266
0
4.86371
5.89232
5.29219
0
4.89679
0
5.02359
5.48924
4.85441
4.91438
5.21484
5.20575
5.29715
5.52579
0
0
5.20978
5.58172
5.34023
0
0
5.07525
5.26074
0
4.38937
4.61915
5.22131
4.68947
4.2846
4.4346
4.6685
5.06099
0
4.80004
4.97823
0
4.86619
5.90326
5.2826
0
4.88954
0
5.06763
5.50717
4.86495
4.93989
5.24691
5.19924
5.30006
5.56423
0
0
5.26206
5.57751
5.35853
0
0
5.07737
5.31442
0
4.39788
4.66671
5.23647
4.73389
4.29389
4.44543
4.68397
5.0502
0
4.79141
4.98738
0
4.8589
5.91109
5.29849
0
4.90026
0
5.04771
5.45659
4.86195
4.92571
5.24643
5.19669
5.31754
5.55602
0
0
5.24959
5.72345
5.38414
0
0
5.05443
5.22539
0
4.40431
4.6647
5.25657
4.71884
4.28782
4.41818
4.66676
5.04342
0
4.81157
5.01531
0
4.87553
5.90828
5.30384
0
4.90396
0
5.05483
5.47958
4.88955
4.94417
5.2622
5.22414
5.34092
5.5931
0
0
5.30093
6.10125
5.49947
0
0
5.08988
5.30808
0
4.43667
4.67648
5.24418
4.75496
4.32077
4.44407
4.68005
5.09347
0
4.79832
4.99546
0
4.85948
5.89628
5.26147
0
4.89886
0
5.04739
5.48499
4.87672
4.93725
5.23019
5.21123
5.30675
5.53678
0
0
5.25299
6.34103
5.53456
0
0
5.07231
5.29798
0
4.41099
4.63645
5.27969
4.71292
4.29844
4.43572
4.65604
5.0791
0
4.78945
4.99379
0
4.86581
5.93444
5.27644
0
4.89947
0
5.02983
5.45928
4.85024
4.91624
5.21048
5.20592
5.31231
5.53326
0
0
5.27127
6.31059
5.53873
0
0
5.06633
5.1972
0
4.40201
4.62828
5.2409
4.7043
4.29418
4.44089
4.65974
5.08496
0
4.78294
4.98699
0
4.85693
5.88715
5.27288
0
4.87963
0
5.03498
5.45841
4.85693
4.92503
5.21239
5.20098
5.29354
5.5395
0
0
5.19322
5.46518
5.30561
0
0
5.07004
5.30164
0
4.37926
4.63073
5.21349
4.71726
4.28331
4.43031
4.64258
5.06615
0
4.80906
4.98974
0
4.8898
5.94447
5.2806
0
4.92286
0
5.05449
5.49168
4.88576
4.96051
5.22085
5.23341
5.32532
5.55982
0
0
6.06024
5.74725
5.34358
0
0
5.11544
5.26108
0
4.43075
4.69364
5.26566
4.76256
4.3208
4.46748
4.68467
5.09167
0
4.74415
4.98342
0
5.34094
5.90214
5.25142
0
5.65679
0
4.2629
4.40765
4.59649
4.8536
5.18719
5.19716
5.28753
5.46137
0
0
5.10585
5.41462
5.26483
0
0
5.05864
5.5102
0
4.33334
4.59175
5.22581
4.59935
4.28694
5.12496
4.5732
4.45748
0
4.82118
4.99264
0
5.42425
5.90825
5.36532
0
5.66811
0
4.25316
4.39416
4.59463
4.81079
5.2475
5.1861
5.29671
5.53273
0
0
5.14123
5.40117
5.35896
0
0
5.04947
5.41755
0
4.43867
4.7553
5.18187
4.69911
4.28203
5.18645
4.60073
4.45327
0
4.71654
4.95384
0
5.30023
5.93611
5.22818
0
5.64786
0
4.26858
4.41404
4.61889
4.86014
5.17161
5.20228
5.24608
5.40606
0
0
5.04285
5.28603
5.23969
0
0
5.0714
5.30033
0
4.32643
4.5527
5.20595
4.58628
4.29738
5.15535
4.58002
4.46193
0
4.72369
4.95137
0
5.29785
5.92665
5.23759
0
5.66805
0
4.2621
4.40197
4.5992
4.82325
5.14072
5.19565
5.22309
5.38226
0
0
5.01334
5.28325
5.24017
0
0
5.06341
5.28723
0
4.3197
4.54739
5.1656
4.59422
4.28083
5.158
4.57106
4.45492
0
4.70359
4.96118
0
5.30286
5.90751
5.21591
0
5.658
0
4.27375
4.41317
4.61112
4.8345
5.15726
5.20271
5.24117
5.39623
0
0
5.03866
5.31442
5.23779
0
0
5.07354
5.24978
0
4.33412
4.55321
5.19551
4.574
4.29248
5.11495
4.57214
4.46687
0
4.71246
4.92885
0
5.25648
5.92184
5.14583
0
5.65604
0
4.86593
4.96874
5.20382
5.20934
5.15706
5.1739
5.25183
5.34935
0
0
4.95656
5.25917
5.21075
0
0
5.04968
5.19852
0
4.26243
4.47642
5.19061
4.55219
4.28459
4.63685
4.57093
4.45455
0
4.70743
4.91325
0
5.2838
5.88993
5.1564
0
5.65556
0
4.81471
4.94365
5.21069
5.17016
5.14356
5.15668
5.22882
5.35037
0
0
4.94838
5.24754
5.18434
0
0
5.04462
5.22563
0
4.27833
4.46976
5.17796
4.56436
4.28041
4.64307
4.553
4.44448
0
4.70595
4.92379
0
5.27205
5.89957
5.17958
0
5.6496
0
4.85782
4.97178
5.23426
5.1907
5.17635
5.18731
5.25568
5.3851
0
0
5.02174
5.29753
5.21088
0
0
5.06718
5.3205
0
4.28573
4.5015
5.17973
4.58045
4.29436
4.6352
4.57627
4.46185
0
4.72556
4.95787
0
5.30997
5.93682
5.19825
0
5.69407
0
4.85829
5.0007
5.24049
5.23222
5.17099
5.21764
5.26322
5.4235
0
0
5.04894
5.33287
5.24368
0
0
5.08549
5.3146
0
4.3283
4.53591
5.21519
4.56271
4.29483
4.66964
4.57463
4.47293
0
4.7465
4.96055
0
5.33531
5.92229
5.23704
0
5.65429
0
4.85867
5.02984
5.19971
5.17099
5.17783
5.18312
5.25373
5.4559
0
0
5.0866
5.37132
5.26698
0
0
5.09402
5.49518
0
4.33155
4.59398
5.21787
4.65005
4.28526
5.13628
4.56157
4.4692
0
4.7171
4.94365
0
5.32577
5.93441
5.21357
0
5.6473
0
4.84362
5.0043
5.2475
5.17112
5.14646
5.16444
5.25233
5.41014
0
0
5.07989
5.36379
5.25
0
0
5.02929
5.29243
0
4.33461
4.57586
5.20169
4.56848
4.27603
5.12022
4.54979
4.45013
0
4.75561
4.9569
0
5.35538
5.89497
5.26126
0
5.65909
0
4.85325
5.03389
5.20248
5.14883
5.18437
5.15934
5.27056
5.48594
0
0
5.14427
5.4211
5.28211
0
0
5.04349
5.21823
0
4.37226
4.66079
5.18886
4.6523
4.27753
5.15917
4.55693
4.45101
0
4.79729
5.00121
0
5.37883
5.90717
5.29775
0
5.68376
0
4.88415
5.04015
5.22561
5.17551
5.21696
5.21108
5.27776
5.49978
0
0
5.16304
5.41331
5.29981
0
0
5.08592
5.33401
0
4.37334
4.63913
5.22647
4.66057
4.29935
5.16986
4.59839
4.48381
0
4.76276
4.9726
0
5.36542
5.88821
5.27572
0
5.67452
0
4.84768
5.03847
5.20345
5.16364
5.18218
5.16994
5.27566
5.47789
0
0
5.12652
5.41289
5.2721
0
0
5.04346
5.31288
0
4.35513
4.63011
5.16107
4.62105
4.2764
5.03191
4.57029
4.45763
0
4.762
4.97187
0
5.33045
5.90097
5.25011
0
5.69766
0
4.84036
5.01917
5.2032
5.17671
5.1918
5.19323
5.27336
5.47522
0
0
5.12718
5.38206
5.28719
0
0
5.07734
5.32142
0
4.36162
4.606
5.19254
4.63801
4.28396
5.30871
4.56977
4.46442
0
4.7772
4.96944
0
5.35512
5.92927
5.27131
0
5.67321
0
4.86239
5.02579
5.21884
5.17309
5.19311
5.17274
5.30886
5.48185
0
0
5.14736
5.40642
5.29563
0
0
5.0498
5.28941
0
4.37484
4.63146
5.22522
4.64953
4.2771
5.27947
4.57821
4.45252
0
4.75868
4.95052
0
5.32305
5.95795
5.24868
0
5.68933
0
4.85718
5.01509
5.21161
5.16815
5.18284
5.19152
5.28722
5.47988
0
0
5.10272
5.38863
5.26875
0
0
5.05592
5.35973
0
4.36615
4.61678
5.22279
4.62544
4.28015
5.34083
4.58665
4.47158
0
4.78628
4.96957
0
5.37169
5.90461
5.26572
0
5.6843
0
4.86772
5.0409
5.20879
5.17308
5.21335
5.16821
5.29175
5.49971
0
0
5.15254
5.41935
5.29789
0
0
5.05237
5.28834
0
4.38937
4.67114
5.15599
4.65804
4.29074
5.09935
4.57318
4.47815
0
4.78433
4.96794
0
5.33679
5.92202
5.27287
0
5.69208
0
4.85779
5.02463
5.22128
5.18768
5.21084
5.18956
5.28407
5.4836
0
0
5.12511
5.37659
5.29548
0
0
5.07687
5.4163
0
4.35069
4.64401
5.19669
4.64398
4.29548
5.18449
4.5791
4.46313
0
4.74355
4.97466
0
5.47065
5.92893
5.24016
0
5.85221
0
4.85801
5.03347
5.23161
5.19568
5.21201
5.21163
5.26979
5.48179
0
0
5.14584
5.56357
5.27904
0
0
5.07102
5.38923
0
4.34928
4.58773
5.20212
4.60905
4.3043
5.19367
4.57083
4.46531
0
4.9457
5.02884
0
5.61202
5.98664
5.85268
0
5.94423
0
4.90648
5.10631
5.30505
5.25585
9.52889
5.19466
5.28939
5.52576
0
0
5.23622
5.70341
5.39227
0
0
5.08295
5.38204
0
4.64711
5.13002
5.18441
4.68307
4.29234
4.91776
4.56728
4.45274
0
4.74621
4.94885
0
5.34439
5.89529
5.23583
0
5.96953
0
4.84676
5.01359
5.21158
5.17941
5.24007
5.16776
5.2646
5.44297
0
0
5.52121
5.35787
5.26516
0
0
5.04642
5.42945
0
4.34237
4.5782
5.19525
4.6444
4.27194
4.92284
4.53707
4.45642
0
4.79778
4.97551
0
5.37176
5.89763
5.37333
0
5.92807
0
4.8852
5.08344
5.27891
5.21354
6.21051
5.20447
5.31562
5.60564
0
0
5.20385
5.41869
5.31147
0
0
5.07315
5.38344
0
4.40197
4.6965
5.20594
4.89611
4.29815
4.94505
4.57629
4.46711
0
4.80492
4.97905
0
5.41312
5.9183
5.36345
0
5.89674
0
4.90504
5.07842
5.27242
5.21256
5.79918
5.22096
5.31012
5.54721
0
0
5.50756
5.52128
5.335
0
0
5.08541
5.48016
0
4.407
5.3558
5.17412
4.6737
4.29461
4.96652
4.58264
4.46325
0
4.78067
4.9797
0
5.38374
5.90677
5.25541
0
5.89569
0
4.87474
5.06453
5.25299
5.20902
5.24362
5.19684
5.28887
5.49434
0
0
5.12674
5.57186
5.30246
0
0
5.08023
5.39428
0
4.38822
4.65685
5.19296
4.61625
4.2913
4.94905
4.57518
4.47062
0
4.76167
4.97483
0
5.60209
5.9079
5.24351
0
5.89918
0
4.85826
5.05914
5.27345
5.20145
5.21396
5.20106
5.28793
5.48121
0
0
5.11457
5.3779
5.28814
0
0
5.08526
5.28768
0
4.35608
4.59599
5.17846
4.59135
4.29046
4.90432
4.56037
4.47725
0
4.9843
5.07681
0
5.67028
5.94597
5.64443
0
5.91984
0
5.14949
5.42377
5.50208
5.31889
5.50386
5.18931
5.49196
5.96478
0
0
5.64504
5.85334
5.54986
0
0
6.81318
5.67144
0
4.59747
5.08317
5.16001
5.01947
4.28985
5.20724
4.65369
4.46576
0
4.74776
4.96717
0
5.55366
5.89481
5.24239
0
5.9096
0
4.87013
5.0494
5.22815
5.18768
5.20209
5.1777
5.25181
5.48201
0
0
5.17442
5.6879
5.28399
0
0
5.05718
5.30737
0
4.36201
4.603
5.15009
4.61771
4.27163
4.9136
4.54
4.45429
0
4.73391
4.94757
0
5.31601
5.87784
5.25157
0
5.90148
0
4.82993
5.0008
5.21
5.15879
5.52638
5.1765
5.24923
5.43274
0
0
5.47141
5.34192
5.24511
0
0
5.05963
5.46012
0
4.33644
4.56522
5.1858
4.60817
4.28295
4.91181
4.56211
4.45266
0
4.7677
4.97173
0
5.37794
5.91561
5.28405
0
5.91311
0
4.88841
5.08695
5.24445
5.18594
5.2299
5.19907
5.28917
5.54005
0
0
5.19118
5.44748
5.31858
0
0
5.08117
5.21472
0
4.35507
4.65238
5.20955
4.68779
4.29114
5.55667
4.61589
4.46327
0
4.79793
4.99273
0
5.39395
5.88617
5.31014
0
5.91481
0
4.90627
5.09368
5.25702
5.20183
5.23795
5.20235
5.30581
5.53053
0
0
5.20574
5.46817
5.33591
0
0
5.07978
5.38096
0
4.39269
4.69651
5.21725
4.70696
4.29587
5.54957
4.6135
4.46868
0
4.80053
4.98193
0
5.41043
5.91273
5.31977
0
5.91308
0
4.90663
5.11168
5.26178
5.21396
5.24135
5.2052
5.30856
5.55173
0
0
5.21603
5.45817
5.34391
0
0
5.08377
5.31855
0
4.40054
4.69495
5.15985
4.68795
4.28927
5.32151
4.60072
4.45871
0
4.81832
5.00483
0
5.42668
5.91066
5.335
0
5.91476
0
4.89205
5.09687
5.25235
5.20005
5.5249
5.20183
5.28619
5.55594
0
0
5.17768
5.43248
5.31792
0
0
5.07534
5.42294
0
4.39744
4.68769
5.18642
4.69203
4.29656
5.85393
4.65484
4.47006
0
4.75166
4.97189
0
5.36281
5.85904
5.24444
0
5.92121
0
4.88373
5.066
5.24482
5.19881
5.23529
5.19439
5.28985
5.48934
0
0
5.12912
5.46603
5.31051
0
0
5.06876
5.34809
0
4.35338
4.59727
5.17766
4.62156
4.2817
4.90225
4.55208
4.46284
0
4.75105
4.97267
0
5.33221
5.89169
5.24172
0
5.94984
0
4.87522
5.0524
5.23372
5.19674
5.19362
5.19995
5.27086
5.46384
0
0
5.19033
5.40716
5.28062
0
0
5.06832
5.37215
0
4.35583
4.59143
5.18423
4.65676
4.29126
4.89859
4.57014
4.474
0
4.72133
4.9359
0
5.33945
5.86984
5.18378
0
5.92799
0
4.84168
5.00696
5.22439
5.17284
5.17092
5.18602
5.24896
5.44842
0
0
5.15403
5.35002
5.24531
0
0
5.04947
5.3794
0
4.33261
4.57536
5.20461
4.61452
4.27242
4.87986
4.55194
4.451
0
4.81499
4.97293
0
5.39066
5.8868
5.51698
0
5.98418
0
4.88889
5.0796
5.26881
5.19018
7.65611
5.19077
5.27733
5.5274
0
0
5.23234
5.44216
5.32317
0
0
5.06781
5.32991
0
4.40845
4.75559
5.19256
4.66427
4.28479
4.91724
4.55487
4.45627
0
4.89291
5.00789
0
5.46642
5.94656
5.6726
0
5.98834
0
4.93596
5.16082
5.31216
5.21376
8.25458
5.18758
5.32745
5.6892
0
0
5.34058
5.56488
5.39023
0
0
5.08519
5.38378
0
4.48348
4.94137
5.21154
4.79991
4.29218
4.96625
4.57487
4.46933
0
4.86507
4.98597
0
5.41616
5.88115
5.61771
0
5.96081
0
4.90779
5.13931
5.30515
5.19516
8.14024
5.19999
5.31288
5.63959
0
0
5.28604
5.5053
5.36491
0
0
5.05415
5.34015
0
4.45151
4.88484
5.1697
4.76101
4.28263
4.95539
4.56587
4.44588
0
4.84475
5.00874
0
5.42739
5.91508
5.54255
0
6.00945
0
4.90562
5.10324
5.2782
5.2132
7.18639
5.2085
5.31137
5.58069
0
0
5.23105
5.51909
5.35762
0
0
5.08515
5.37646
0
4.44359
4.90307
5.21449
4.7129
4.30013
4.93539
4.58456
4.46979
0
4.78451
4.96944
0
5.37234
5.91638
5.36436
0
5.99542
0
4.88365
5.06328
5.25661
5.21176
6.42945
5.19645
5.26678
5.50352
0
0
5.14974
5.42307
5.31224
0
0
5.08754
5.26127
0
4.42512
4.69186
5.16312
4.64323
4.29229
4.91823
4.55222
4.4607
0
4.75163
4.97977
0
5.3835
5.90401
5.24914
0
6.01411
0
4.88056
5.04978
5.25437
5.20616
5.23083
5.21342
5.27368
5.47978
0
0
5.15058
5.41123
5.30449
0
0
5.09345
5.34663
0
4.35512
4.59612
5.1894
4.63676
4.30034
4.91801
4.57354
4.47319
0
4.86454
5.02767
0
5.48213
5.90958
5.40278
0
6.04114
0
4.98386
5.19757
5.34061
5.26082
5.35971
5.21449
5.37707
5.68574
0
0
5.33527
5.58969
5.39283
0
0
5.87749
5.43821
0
4.47301
4.79691
5.21953
4.80789
4.30691
5.04203
4.60475
4.48287
0
4.89916
5.02604
0
5.54527
5.86152
5.45714
0
5.99646
0
5.04415
5.27356
5.39062
5.2689
5.37556
5.19329
5.39003
5.79375
0
0
5.47249
5.70129
5.43684
0
0
6.1152
5.43653
0
4.50352
4.88931
5.16403
4.87673
4.29223
5.06553
4.59756
4.4533
0
4.87336
5.0085
0
5.50771
5.89278
5.42579
0
6.00125
0
5.02769
5.23242
5.35846
5.24601
5.34458
5.19996
5.36895
5.72185
0
0
5.37912
5.6422
5.4164
0
0
6.03279
5.55828
0
4.4531
4.82249
5.17734
4.83415
4.28926
5.0282
4.59548
4.45554
0
4.96265
5.0346
0
5.65263
5.87278
5.59934
0
6.01971
0
5.10099
5.39118
5.47066
5.29533
5.44082
5.14536
5.44472
5.91404
0
0
5.62054
5.77972
5.5198
0
0
6.27706
5.42561
0
4.57802
5.04112
5.19014
4.98068
4.27613
5.15452
4.61952
4.44527
0
5.26838
5.19297
0
6.0027
5.90536
5.95635
0
6.0154
0
5.44351
5.79649
5.83194
5.49838
5.77331
5.2134
5.67728
6.16452
0
0
5.71935
5.96711
5.87634
0
0
7.34496
5.47546
0
4.92025
5.39992
5.21412
5.40369
4.30564
5.49033
4.73317
4.47637
0
4.83772
5.01752
0
5.48657
5.94824
5.35487
0
6.01992
0
4.94457
5.15398
5.31466
5.23302
5.29616
5.23446
5.34869
5.58001
0
0
5.23267
5.49135
5.35942
0
0
5.10491
5.383
0
4.42753
4.73079
5.19523
4.75992
4.29843
4.75761
4.61457
4.48702
0
4.81668
4.99573
0
5.43639
5.90275
5.33584
0
6.01925
0
4.90785
5.10501
5.27024
5.21738
5.27177
5.21593
5.31866
5.55479
0
0
5.21817
5.48329
5.35352
0
0
5.08477
5.46611
0
4.41107
4.69009
5.19972
4.71502
4.28898
4.71906
4.58152
4.47007
0
4.80779
4.98767
0
5.42292
5.89263
5.37272
0
6.01424
0
4.92346
5.11182
5.30383
5.21199
5.71697
5.20723
5.30792
5.58138
0
0
5.22881
5.46818
5.33505
0
0
5.07835
5.41241
0
4.41421
4.73118
5.20616
4.7374
4.2896
4.74713
4.59478
4.47615
0
4.82981
4.98625
0
5.4465
5.89465
5.40906
0
6.01554
0
4.92087
5.12092
5.29584
5.22677
5.92679
5.20919
5.32095
5.60331
0
0
5.26975
5.48341
5.35402
0
0
5.09239
5.5382
0
4.43149
4.74677
5.1885
4.75603
4.29929
4.82199
4.59004
4.48334
0
4.79665
4.97333
0
5.40176
5.86337
5.36382
0
6.0158
0
4.89123
5.08098
5.25518
5.19526
5.88618
5.19333
5.30958
5.53384
0
0
5.21999
5.45805
5.31083
0
0
5.06473
5.40859
0
4.39741
4.70801
5.14625
4.70716
4.27588
4.87733
4.57368
4.45848
0
4.86831
4.99846
0
5.45756
5.87936
5.47932
0
5.99801
0
4.95121
5.15525
5.30681
5.22402
6.50411
5.19033
5.32269
5.59131
0
0
5.25772
5.51413
5.35791
0
0
5.06963
5.39299
0
4.45192
4.8217
5.19835
4.76043
4.28286
4.788
4.5816
4.46721
0
4.86708
5.0058
0
5.4229
5.92269
5.56919
0
5.99819
0
4.89763
5.10957
5.28059
5.19125
7.67814
5.19588
5.29001
5.56316
0
0
5.20168
5.46963
5.33009
0
0
5.07905
5.39516
0
4.44284
4.82911
5.18853
4.73037
4.28889
4.75762
4.59533
4.47384
0
4.87158
4.98701
0
5.44177
5.93822
5.61334
0
5.99451
0
4.92527
5.13239
5.26639
5.19466
7.76817
5.18088
5.31205
5.60769
0
0
5.24067
5.51448
5.36259
0
0
5.05463
5.34794
0
4.45929
4.85162
5.18955
4.75876
4.28056
5.13726
4.59759
4.46316
0
4.91333
4.98842
0
5.45169
5.96991
5.71007
0
6.01781
0
4.9237
5.13513
5.28627
5.22542
8.43966
5.18079
5.32213
5.5895
0
0
5.24907
5.48821
5.33343
0
0
5.07137
5.35837
0
4.48746
4.90694
5.20047
4.76483
4.28409
5.40515
4.58683
4.46416
0
4.84853
4.96266
0
5.36416
5.96564
5.66482
0
5.99771
0
4.87449
5.044
5.27497
5.2091
8.91215
5.17329
5.27324
5.5467
0
0
5.16784
5.46526
5.33101
0
0
5.06372
5.3146
0
4.46798
4.83372
5.18358
4.66692
4.29993
5.31979
4.55954
4.45472
0
4.88672
5.0103
0
5.39389
5.98275
5.69434
0
6.02646
0
4.88682
5.05684
5.31533
5.24019
9.23558
5.19737
5.28129
5.57605
0
0
5.11882
5.46545
5.33055
0
0
5.08522
5.3392
0
4.50218
4.82158
5.21246
4.66228
4.30415
5.33958
4.55647
4.46814
0
4.87578
4.99799
0
5.35523
6.00508
5.68601
0
6.02452
0
4.89485
5.05293
5.30911
5.23921
9.21608
5.19626
5.2918
5.57904
0
0
5.15008
5.43475
5.34119
0
0
5.10266
5.40993
0
4.51313
4.83381
5.2331
4.66021
4.31025
5.3334
4.54695
4.4749
0
4.88248
4.97701
0
5.37746
5.92633
5.68464
0
6.01306
0
4.8784
5.07576
5.29874
5.23824
9.30117
5.18358
5.2638
5.58521
0
0
5.18328
5.50539
5.34972
0
0
5.07036
5.30237
0
4.51587
4.84808
5.20722
4.64933
4.29278
5.29811
4.55391
4.46522
0
4.87791
4.98834
0
5.38924
6.00482
5.73078
0
6.0038
0
4.89943
5.0779
5.30788
5.22508
9.62389
5.19518
5.28981
5.57815
0
0
5.14294
5.54762
5.37796
0
0
5.08025
5.35837
0
4.5183
4.85234
5.18951
4.65508
4.31206
5.2939
4.5657
4.47319
0
4.93719
4.99725
0
5.48744
5.97135
5.78916
0
6.03771
0
4.90835
5.09227
5.30228
5.25096
9.79645
5.21534
5.28945
5.62933
0
0
5.18548
5.77221
5.44729
0
0
5.09905
5.37248
0
4.57716
4.91723
5.19297
4.6857
4.32218
5.34597
4.58351
4.49113
0
4.93132
4.9985
0
5.571
5.99769
5.80681
0
6.03867
0
4.89553
5.08092
5.33589
5.24907
9.93349
5.21409
5.29454
5.62654
0
0
5.29279
6.12154
5.57878
0
0
5.09771
5.46344
0
4.57843
4.92572
5.20445
4.68173
4.32343
5.33011
4.57342
4.48856
0
4.90427
4.97151
0
5.61636
5.95546
5.80791
0
6.00345
0
4.88253
5.0656
5.30895
5.22582
10.158
5.19188
5.28882
5.59087
0
0
5.22047
6.43473
5.56335
0
0
5.05285
5.443
0
4.5698
4.92374
5.21255
4.65457
4.30376
5.32748
4.5576
4.45888
0
4.87583
4.96493
0
5.36593
5.9344
5.75164
0
5.98376
0
4.84206
5.02991
5.26553
5.19303
9.92429
5.17429
5.26081
5.55323
0
0
5.12982
5.47571
5.32986
0
0
5.0451
5.37136
0
4.52323
4.87669
5.15913
4.62357
4.29006
5.30541
4.53521
4.45721
0
4.89596
4.95951
0
5.76384
6.04691
5.76245
0
5.98664
0
4.87771
5.08419
5.29148
5.2277
9.86221
5.16851
5.27952
5.62643
0
0
5.17804
5.75305
5.33845
0
0
5.06615
5.1972
0
4.52233
4.90016
5.17656
4.65565
4.28436
4.91414
4.53924
4.45419
0
5.58062
5.30155
0
6.23258
6.07314
6.59635
0
6.03072
0
5.80721
6.00954
6.04693
5.65536
10.9465
5.19209
5.85123
6.41711
0
0
6.00422
6.12324
6.06072
0
0
6.18352
5.58282
0
5.31342
5.90391
5.16469
5.63955
4.31008
5.7196
4.76586
4.48139
0
5.72684
5.98237
0
6.10993
6.06636
6.42315
0
6.08241
0
6.09826
5.88318
5.87062
6.03198
9.98083
5.21963
5.86627
6.33114
0
0
6.03804
6.18134
6.00012
0
0
6.2609
5.82822
0
5.41031
5.77304
5.1758
5.58461
4.33185
5.8483
5.38351
4.49285
0
4.92218
4.98466
0
5.36242
6.03243
5.76047
0
6.06166
0
4.86111
5.08049
5.27859
5.21325
10.084
5.18723
5.30405
5.55222
0
0
6.21092
5.48558
5.34083
0
0
5.08805
5.58282
0
4.56935
4.90387
5.16536
4.68379
4.28954
4.90188
4.55497
4.47684
0
4.93112
4.99911
0
5.39568
6.03697
5.96887
0
6.06423
0
4.8752
5.05225
5.24853
5.2275
10.7095
5.22548
5.28528
5.7983
0
0
5.28242
5.42309
5.34475
0
0
5.07677
5.4683
0
4.62157
5.08119
5.25573
4.86237
4.31133
4.95403
4.59709
4.48361
0
4.91649
4.95535
0
5.38046
5.98644
5.85543
0
6.00792
0
4.87264
5.08121
5.2735
5.20873
10.7545
5.20702
5.26474
5.55732
0
0
5.29155
5.41562
5.30755
0
0
5.03219
5.30889
0
4.61482
6.36585
5.17659
4.68017
4.27573
4.9256
4.55719
4.4455
0
4.92341
4.97619
0
5.35088
6.07232
5.9003
0
6.06817
0
4.88106
5.05107
5.27791
5.21272
10.6146
5.22073
5.27781
5.57129
0
0
5.13858
5.46445
5.32901
0
0
5.09694
5.44153
0
4.61645
5.10335
5.18492
4.65445
4.29273
4.93023
4.5673
4.46727
0
4.96732
4.97083
0
6.11161
5.9952
5.91321
0
6.03835
0
4.87853
5.08355
5.3064
5.22054
10.4601
5.19516
5.27068
5.53856
0
0
5.14316
5.39886
5.33099
0
0
5.05409
5.31697
0
4.59941
4.94046
5.17086
4.63636
4.30784
4.90154
4.55538
4.46599
0
4.88175
4.96292
0
5.56615
6.03865
5.96316
0
6.00702
0
4.84617
5.03052
5.21958
5.18997
10.6427
5.19848
5.24314
5.56794
0
0
5.25258
6.56107
5.34279
0
0
5.03479
5.3589
0
4.606
5.00174
5.19839
4.662
4.30019
4.91145
4.56047
4.47405
0
4.89561
4.96476
0
5.31065
6.01242
6.05698
0
6.03856
0
4.8434
5.02293
5.23364
5.19664
11.1174
5.19777
5.27063
5.60014
0
0
6.40101
5.38214
5.26624
0
0
5.0279
5.31288
0
4.60243
5.03
5.21352
4.64223
4.29748
4.89063
4.55338
4.46683
0
4.92848
4.9886
0
5.36082
6.01854
6.09874
0
6.02734
0
4.85269
5.07072
5.26268
5.18658
10.9296
5.18965
5.25095
6.02755
0
0
5.22142
5.41364
5.32376
0
0
5.04479
5.27607
0
4.62443
5.10237
5.1461
5.22076
4.30116
4.93664
4.57092
4.45535
0
4.91128
4.98211
0
5.37466
6.03282
5.98838
0
6.00677
0
4.86655
5.08679
5.26767
5.18278
10.8444
5.20571
5.29443
5.63331
0
0
5.55677
5.48499
5.31695
0
0
5.03891
5.34327
0
4.60167
6.47406
5.17645
4.70238
4.28387
4.92227
4.55494
4.43817
0
4.90199
4.9487
0
5.35034
5.99413
5.93673
0
6.02267
0
4.86365
5.07266
5.28274
5.20327
10.6372
5.2056
5.27217
5.60802
0
0
5.16291
5.72055
5.3286
0
0
5.03349
5.28016
0
4.6782
5.15059
5.21689
4.67136
4.27013
4.91581
4.55093
4.44832
0
4.91289
4.94543
0
6.13135
5.99083
5.84823
0
6.01432
0
4.84112
5.06078
5.25732
5.18933
10.595
5.18397
5.25709
5.51404
0
0
5.10572
5.36551
5.30232
0
0
5.03372
5.45269
0
4.61559
4.92208
5.19717
4.62194
4.27214
4.89934
4.53161
4.43618
0
5.82666
5.42967
0
6.22356
6.00192
6.55795
0
6.02906
0
6.0639
5.95782
6.11146
5.8128
10.7645
5.18436
5.90097
6.33309
0
0
5.95118
6.12426
6.17069
0
0
7.00533
5.54448
0
5.61737
5.91684
5.16011
5.83485
4.29345
6.0139
4.87386
4.46295
0
4.89442
4.95187
0
5.31434
6.01914
5.88566
0
6.02406
0
4.85713
5.02117
5.25587
5.22321
10.555
5.20735
5.22973
5.52802
0
0
5.07146
5.37325
5.30477
0
0
5.05971
5.32592
0
4.59315
4.93219
5.17837
4.62224
4.27083
4.87924
4.52852
4.43864
0
4.91036
4.96356
0
5.31975
6.04391
6.01878
0
6.06389
0
4.86557
5.01536
5.26018
5.21348
10.6999
5.22092
5.24938
5.5736
0
0
5.05069
5.33644
5.29318
0
0
5.08579
5.32924
0
4.59399
4.97917
5.21997
4.63359
4.32187
4.90551
4.57203
4.48591
0
4.93133
5.02008
0
5.41456
6.0384
5.98624
0
6.08445
0
4.88679
5.09834
5.31731
5.23858
10.399
5.22972
5.29398
5.63204
0
0
5.16892
5.44238
5.35398
0
0
5.08032
5.36596
0
4.58599
5.00037
5.17701
4.69681
4.31309
4.94283
4.5661
4.47901
0
4.91391
4.98168
0
5.38568
5.95076
5.97507
0
6.0357
0
4.87524
5.08526
5.26235
5.20783
10.353
5.18497
5.2947
5.61303
0
0
5.17073
5.41656
5.31987
0
0
5.04304
5.44961
0
4.58078
5.04233
5.23387
4.71584
4.30764
4.95533
4.57618
4.46624
0
4.90222
4.99202
0
5.38644
5.96062
5.8516
0
6.0359
0
4.86922
5.08
5.2638
5.21596
10.1893
5.22654
5.28702
5.56181
0
0
5.14107
5.39811
5.31556
0
0
5.08844
5.20596
0
4.56333
4.97606
5.20315
4.68943
4.319
4.92227
4.56456
4.46403
0
4.87718
4.96657
0
5.34018
5.98929
5.8029
0
6.0258
0
4.87462
5.05261
5.26146
5.20698
9.87062
5.21835
5.27311
5.54765
0
0
5.11141
5.38206
5.30184
0
0
5.06159
5.26994
0
4.52639
4.87027
5.15529
4.6495
4.28786
4.89567
4.55623
4.44821
0
4.84888
4.93632
0
5.31211
6.00724
5.66521
0
6.02864
0
4.84863
5.03359
5.2344
5.17677
9.31514
5.14613
5.23178
5.47047
0
0
5.0816
5.37646
5.27416
0
0
5.03379
5.23225
0
4.46959
4.77857
5.20419
4.60621
4.25993
4.89104
4.53868
4.43226
0
4.86074
4.97282
0
5.33409
5.97456
5.79517
0
6.04207
0
4.89567
5.07187
5.27415
5.20704
10.1208
5.1761
5.27269
5.56477
0
0
5.1327
5.42154
5.32145
0
0
5.96412
5.34093
0
4.544
4.91613
5.15856
4.70668
4.28715
4.93162
4.5589
4.44707
0
4.87148
4.97255
0
5.3691
5.99382
5.70372
0
6.05554
0
4.89228
5.07116
5.30014
5.23383
9.48699
5.21981
5.2909
5.53516
0
0
5.1496
5.42171
5.328
0
0
5.08491
5.30151
0
4.52899
4.83936
5.19291
4.66192
4.30023
4.94462
4.56377
4.4777
0
4.85816
4.96241
0
5.52058
5.95769
5.73912
0
6.0244
0
4.85606
5.03335
5.2288
5.1984
9.84806
5.178
5.25535
5.52316
0
0
5.13021
5.6097
5.31248
0
0
5.03593
5.40403
0
4.54339
4.86396
5.21985
4.62959
4.29792
4.92951
4.53522
4.45515
0
4.89619
4.98869
0
5.49872
5.99576
5.77509
0
6.05073
0
4.88551
5.05554
5.28123
5.23386
9.99576
5.22444
5.29047
5.52133
0
0
5.11236
5.6224
5.34245
0
0
5.09337
5.44172
0
4.57167
4.88829
5.19124
4.65377
4.31088
4.91616
4.58044
4.48042
0
4.91986
4.97477
0
5.78663
6.02155
5.85109
0
6.03475
0
4.85802
5.03
5.28647
5.20871
10.4845
5.20168
5.27874
5.54013
0
0
5.09806
5.73475
5.31534
0
0
5.0302
5.48466
0
4.65251
4.97312
5.23108
4.65872
4.28473
4.91462
4.54994
4.45021
0
5.20825
4.58781
0
5.39149
6.07931
6.15384
0
6.1736
0
4.91322
5.08196
5.30774
5.27362
11.411
5.23037
5.29166
5.63586
0
0
5.17048
5.43099
5.41094
0
0
5.03774
5.33993
0
4.79013
4.93801
5.19595
4.68816
4.33779
4.69661
4.59264
4.47214
0
5.18017
4.57301
0
5.51143
6.05058
6.15595
0
6.22805
0
4.8805
5.03713
5.28155
5.26372
0
5.20855
5.26689
5.5762
0
0
5.18955
6.14713
5.47507
0
0
5.02033
5.40269
0
4.83931
4.97129
5.18154
4.6675
4.3112
4.93581
4.56466
4.4612
0
5.14787
4.55131
0
5.3901
6.05932
6.14834
0
6.18831
0
4.90006
5.04645
5.29342
5.26261
11.7178
5.17933
5.27246
5.5518
0
0
5.22166
6.29795
5.46974
0
0
5.00477
5.28743
0
4.8392
4.98474
5.16797
4.66971
4.30946
4.93312
4.54931
4.45076
0
5.16214
4.5526
0
5.58636
6.02426
6.13512
0
6.18472
0
4.86767
5.02849
5.2539
5.24159
11.816
5.1885
5.26686
5.52578
0
0
5.30201
6.78962
5.45497
0
0
5.01378
5.51089
0
4.83221
4.95609
5.20376
4.64496
4.32774
4.93208
4.55873
4.44564
0
5.15673
4.55009
0
5.45518
6.04014
6.12356
0
6.19948
0
4.88707
5.04866
5.26815
5.26
12.454
5.19767
5.28438
5.56905
0
0
5.43302
6.86946
5.46422
0
0
5.00204
5.48987
0
4.8462
4.99235
5.19479
4.66442
4.32986
4.94222
4.57315
4.44736
0
5.14087
4.5298
0
5.44233
5.99464
6.13446
0
6.15595
0
4.84508
5.01649
5.21858
5.22459
11.5951
5.18652
5.25578
5.51273
0
0
5.17176
7.16106
5.50264
0
0
4.98353
5.37397
0
4.8137
4.96933
5.16969
4.626
4.30894
4.92986
4.54722
4.4353
0
5.17307
4.57941
0
5.47679
6.04957
6.16887
0
6.19844
0
4.89616
5.04828
5.29095
5.27374
12.0859
5.23306
5.28224
5.58009
0
0
5.22183
7.12999
5.54564
0
0
5.04423
5.40218
0
4.85726
4.99252
5.17736
4.69993
4.33476
4.96021
4.58389
4.4582
0
5.1737
4.56546
0
5.38645
6.0319
6.14714
0
6.20774
0
4.87253
5.03745
5.26724
5.26685
11.8405
5.19513
5.2684
5.5602
0
0
5.17427
5.53574
5.46788
0
0
5.00958
5.24472
0
4.85507
4.98046
5.17643
4.67008
4.3285
4.9494
4.56053
4.45577
0
5.14343
4.54364
0
5.35012
6.01417
6.13303
0
6.17268
0
4.86664
5.02844
5.26396
5.254
11.6769
5.18668
5.27402
5.5362
0
0
5.18359
5.5561
5.44978
0
0
4.98998
5.38287
0
4.83802
4.98069
5.17105
4.6463
4.30226
4.93974
4.54621
4.43172
0
5.13774
4.53858
0
5.34537
5.99934
6.1319
0
6.17652
0
4.87439
5.03874
5.27582
5.25287
11.8405
5.17795
5.26658
5.55086
0
0
5.1499
5.51864
5.42344
0
0
4.99206
5.32761
0
4.84558
4.98634
5.17877
4.66018
4.30967
4.93087
4.54324
4.42831
0
5.18127
4.56634
0
5.45563
6.05412
6.167
0
6.2064
0
4.88646
5.06385
5.29669
5.26647
11.7178
5.22715
5.26971
5.57833
0
0
5.29788
6.04526
5.56699
0
0
5.03669
5.36196
0
4.88269
5.00298
5.20183
4.66925
4.32506
4.93107
4.55958
4.4383
0
5.17748
4.53477
0
5.46089
6.01915
6.16212
0
6.16547
0
4.86849
5.0535
5.25675
5.24131
0
5.18664
5.25422
5.56271
0
0
5.30954
6.47444
5.61861
0
0
4.98245
5.35252
0
4.95428
5.03032
5.17468
4.6763
4.31265
4.92169
4.55874
4.4336
0
5.10907
4.57931
0
5.4009
6.04764
6.19668
0
6.19937
0
4.90779
5.08968
5.26652
5.2492
10.7374
5.23939
5.30854
5.83298
0
0
5.19669
5.47472
5.3865
0
0
5.0416
5.33515
0
4.71743
4.98038
5.15181
4.71142
4.31165
4.93664
4.58499
4.45667
0
5.24683
4.5799
0
5.36547
6.04929
6.25502
0
6.23485
0
4.8879
5.0939
5.3107
5.28377
11.5425
5.20234
5.27947
5.72682
0
0
5.19607
5.39983
5.43463
0
0
5.03218
5.30107
0
4.89197
5.01298
5.16664
4.7084
4.314
4.97718
4.56519
4.45871
0
5.23858
4.55796
0
5.39143
6.09212
6.23296
0
6.1886
0
4.87778
5.06782
5.28152
5.27192
11.7587
5.18016
5.25897
5.68435
0
0
5.17815
5.41714
5.41408
0
0
5.01978
5.30396
0
4.88066
4.99005
5.21145
4.6752
4.28174
5.61685
4.61309
4.43961
0
5.26153
4.59643
0
5.35646
6.0815
6.25027
0
6.23019
0
4.89136
5.083
5.31491
5.30258
11.636
5.22276
5.31491
5.70514
0
0
5.15525
5.39114
5.41342
0
0
5.04774
5.36859
0
4.91867
4.98524
5.20907
4.68028
4.31231
6.33674
4.81405
4.47495
0
5.25297
4.57515
0
5.39485
6.04155
6.25749
0
6.20772
0
4.88748
5.08539
5.31334
5.28511
11.5951
5.22707
5.29965
5.7155
0
0
5.20987
5.44476
5.42547
0
0
5.05409
5.33365
0
4.90027
4.99929
5.20945
4.7001
4.30034
6.35007
4.81526
4.47337
0
5.17802
4.54203
0
5.33731
6.04034
6.23254
0
6.16813
0
4.86456
5.05326
5.26967
5.24585
11.9018
5.18283
5.26553
5.64089
0
0
5.17339
5.49938
5.44492
0
0
5.00238
5.32798
0
4.87923
4.97937
5.17324
4.65619
4.27225
4.82825
4.54481
4.43175
0
5.21298
4.57038
0
5.3613
6.09381
6.27874
0
6.20389
0
4.85225
5.05666
5.27345
5.24184
0
5.2116
5.25182
5.64034
0
0
5.18599
5.45857
5.44914
0
0
5.01956
5.29511
0
4.88505
5.01658
5.1676
4.6501
4.29753
4.83647
4.56943
4.44788
0
5.20561
4.5761
0
5.35544
6.04169
6.16267
0
6.20817
0
4.88537
5.06911
5.26829
5.25081
12.0859
5.25069
5.27483
5.63206
0
0
5.3256
5.45117
5.39095
0
0
5.03855
5.37486
0
4.87529
5.06017
5.19141
4.66978
4.30654
4.8387
4.58196
4.47621
0
5.18097
4.58194
0
5.3803
6.06641
6.36139
0
6.20023
0
4.89142
5.11118
5.30151
5.25495
0
5.25444
5.27719
5.6873
0
0
5.20162
5.46165
5.40204
0
0
5.03195
5.43262
0
4.89196
5.18328
5.22252
4.69261
4.29675
4.87093
4.58134
4.46097
0
5.16741
4.56744
0
5.34789
6.06718
6.37701
0
6.18914
0
4.87178
5.05725
5.27904
5.2601
12.0859
5.21127
5.29421
5.64269
0
0
5.16425
5.42994
5.39617
0
0
5.01836
5.22764
0
4.92018
5.15787
5.21634
4.68965
4.28779
4.85067
4.57332
4.44578
0
5.24267
4.588
0
5.4963
6.07797
6.17374
0
6.2149
0
4.90294
5.09215
5.34393
5.28422
11.9018
5.25715
5.30794
5.61194
0
0
5.23431
5.46809
5.49114
0
0
5.05764
5.38073
0
4.9528
5.02029
5.19151
4.68222
4.30769
4.88733
4.58728
4.47087
0
5.14521
4.55578
0
5.5775
6.02845
6.30795
0
6.19151
0
4.87909
5.07412
5.299
5.2719
11.4389
5.20453
5.27486
5.68942
0
0
5.205
5.74663
5.42232
0
0
5.00941
5.36547
0
4.74895
5.06829
5.16306
4.67911
4.30417
4.86438
4.56955
4.45233
0
5.18929
4.55872
0
5.42973
6.02439
6.22323
0
6.19097
0
4.91052
5.13057
5.30577
5.2642
11.151
5.22152
5.33452
5.75536
0
0
5.77812
5.56606
5.4191
0
0
5.01735
5.34165
0
4.7636
5.11403
5.21865
4.76284
4.29184
4.87434
4.57789
4.46017
0
5.14539
4.54814
0
5.39068
6.00931
6.18223
0
6.1565
0
4.86449
5.06893
5.28053
5.23858
11.1363
5.22574
5.27943
5.70394
0
0
5.74358
5.50411
5.35738
0
0
4.99593
5.45521
0
4.73242
5.02739
5.17276
4.69136
4.27665
4.84342
4.5416
4.42475
0
5.11746
4.59786
0
5.37582
6.09162
6.24973
0
6.21941
0
4.89796
5.08194
5.2833
5.2451
11.0634
5.23117
5.28807
5.70285
0
0
5.1959
5.65404
5.39142
0
0
5.0372
5.3177
0
4.79888
5.06225
5.22249
4.68249
4.29479
4.88324
4.57373
4.47088
0
5.17879
4.5563
0
5.63989
6.04635
6.16552
0
6.19708
0
4.87398
5.08621
5.32079
5.25659
0
5.20243
5.27072
5.55343
0
0
5.1707
5.39435
5.44832
0
0
4.99997
5.35746
0
4.83504
4.98895
5.17202
4.65221
4.27382
4.82809
4.55273
4.44955
0
5.20962
4.54889
0
5.3694
6.04266
6.21277
0
6.20768
0
4.8924
5.09645
5.32989
5.26923
11.5951
5.21056
5.30118
5.61116
0
0
5.21398
5.46
5.48006
0
0
5.02405
5.33296
0
4.85351
5.0489
5.1694
4.70412
4.28852
4.85106
4.55812
4.46293
0
5.12193
4.57566
0
5.38255
6.06767
6.3626
0
6.20705
0
4.87983
5.07544
5.28231
5.27117
11.3006
5.21425
5.29189
5.67413
0
0
5.16996
5.41516
5.36228
0
0
4.99931
5.28165
0
4.74253
5.08357
5.18441
4.6931
4.2923
4.86424
4.56265
4.45576
0
5.16439
4.58343
0
5.39541
6.09612
6.30959
0
6.22501
0
4.90913
5.10496
5.30598
5.2853
11.0123
5.24163
5.2915
5.71972
0
0
5.20445
5.47577
5.40165
0
0
5.04653
5.35787
0
4.7008
5.06344
5.20624
4.71328
4.31296
4.88462
4.58512
4.46659
0
5.09172
4.57021
0
5.39066
6.06914
6.23118
0
6.20027
0
4.89446
5.0965
5.29327
5.26729
11.0429
5.23789
5.30161
5.74065
0
0
5.18224
5.4559
5.37071
0
0
5.0259
5.30982
0
4.72093
5.04609
5.21428
4.68629
4.28963
4.89439
4.57201
4.45855
0
5.18728
4.59016
0
5.37847
6.05224
6.28549
0
6.20755
0
4.8817
5.06338
5.32226
5.25276
11.4724
5.24199
5.28238
5.58359
0
0
5.18924
5.44684
5.45015
0
0
5.04235
5.35034
0
4.82368
5.02968
5.18166
4.69239
4.30054
4.86171
4.56731
4.46912
0
5.15978
4.56111
0
5.32202
6.01826
6.25573
0
6.16969
0
4.86897
5.03828
5.26613
5.24242
11.4724
5.21184
5.25831
5.57254
0
0
5.13925
5.38153
5.41092
0
0
4.99718
5.33224
0
4.78602
4.9842
5.1535
4.64196
4.28344
4.81336
4.56626
4.4492
0
5.17828
4.61158
0
5.94791
6.04864
6.35548
0
6.22591
0
4.94423
5.12223
5.31976
5.30047
11.2952
5.23982
5.34217
5.73924
0
0
5.2725
6.00687
5.40885
0
0
5.06039
5.42811
0
4.73611
5.09655
5.19631
4.7235
4.32414
4.86462
4.59844
4.4811
0
5.1846
4.59837
0
5.50841
6.03391
6.24818
0
6.24619
0
4.93494
5.16325
5.32191
5.30804
11.0356
5.23799
5.35395
5.80061
0
0
5.86616
5.6445
5.46862
0
0
5.04604
5.91586
0
4.77841
5.14036
5.22582
4.80757
4.31645
4.92901
4.59796
4.49269
0
5.09376
4.56271
0
5.37977
5.99745
6.18526
0
6.21493
0
4.8895
5.08085
5.28702
5.26011
11.0276
5.21358
5.27501
5.6819
0
0
5.21083
5.93487
5.36724
0
0
5.00037
5.33742
0
4.73596
5.07172
5.21001
4.70087
4.25904
4.87155
4.56953
4.4357
0
5.15184
4.60758
0
5.71648
6.09396
6.29359
0
6.25337
0
4.8862
5.08968
5.32337
5.2557
11.5951
5.2454
5.29556
5.61004
0
0
5.21927
5.41436
5.47549
0
0
5.06779
5.44033
0
4.82226
5.02785
5.22471
4.69781
4.34388
4.85319
4.59015
4.50068
0
5.12708
4.58233
0
5.33133
6.10693
6.3109
0
6.23127
0
4.86471
5.0338
5.27867
5.26757
11.5337
5.22137
5.2851
5.54455
0
0
5.13673
5.39267
5.45017
0
0
5.05178
5.54691
0
4.79494
4.98042
5.23427
4.66183
4.31981
4.84959
4.56705
4.48345
0
5.12341
4.59787
0
5.67647
6.1007
6.21027
0
6.23501
0
4.91034
5.08729
5.27471
5.27342
10.9918
5.2572
5.32299
5.70263
0
0
5.30412
6.74436
5.43309
0
0
5.05727
5.36554
0
4.72313
5.04039
5.19111
4.73903
4.32492
4.88424
4.59327
4.49007
0
5.11618
4.56728
0
5.38124
6.03878
6.22456
0
6.22384
0
4.84977
5.04126
5.23203
5.24086
10.9416
5.2193
5.26495
5.65062
0
0
6.36699
5.489
5.35595
0
0
5.01819
5.63395
0
4.64584
5.07254
5.15418
4.70967
4.27287
4.85159
4.54605
4.44765
0
5.12532
4.58837
0
5.41774
6.06253
6.29608
0
6.22353
0
4.95903
5.17396
5.34828
5.32729
10.9611
5.2447
5.33115
5.77763
0
0
5.29603
5.81362
5.43118
0
0
5.05174
5.42507
0
4.75973
5.31017
5.17921
4.76666
4.30614
4.87994
4.59394
4.47044
0
5.15337
4.55781
0
6.21333
6.06042
6.36435
0
6.20578
0
4.89314
5.16616
5.35374
5.25938
11.4899
5.18762
5.27265
5.60656
0
0
5.18777
5.43941
5.451
0
0
5.00926
5.43028
0
4.74062
5.06793
5.19911
4.69225
4.30116
4.84517
4.55609
4.45854
0
5.14952
4.57133
0
5.38561
6.05697
6.35004
0
6.19981
0
4.91281
5.10963
5.32207
5.27892
11.3497
5.24358
5.31812
5.66551
0
0
5.23199
5.48123
5.47686
0
0
5.0227
5.35532
0
4.73204
5.09486
5.19865
4.72057
4.30748
4.86759
4.58589
4.47656
0
5.04597
4.58438
0
5.3886
6.02969
6.02972
0
6.13728
0
4.90337
5.10592
5.29843
5.28094
10.1982
5.23719
5.31899
5.67218
0
0
5.18383
5.47329
5.38601
0
0
5.04712
5.42403
0
4.58317
4.99441
5.18021
4.72294
4.30486
4.87235
4.57077
4.48442
0
4.99037
4.58518
0
5.35578
5.99787
5.90863
0
6.12831
0
4.87699
5.06703
5.2632
5.24335
9.86971
5.23899
5.27964
5.58956
0
0
5.1474
5.475
5.37452
0
0
5.0441
5.28186
0
4.53645
4.91677
5.16444
4.69091
4.30284
4.85288
4.57414
4.47876
0
5.03371
4.58538
0
5.49127
5.98876
5.95254
0
6.16369
0
4.93155
5.12556
5.31654
5.28109
9.88589
5.22731
5.31427
5.67398
0
0
5.27663
5.82483
5.53701
0
0
5.06541
5.40218
0
4.58909
4.99255
5.25221
4.7546
4.31725
4.86999
4.5845
4.46717
0
5.04354
4.59083
0
5.62363
6.03702
5.96402
0
6.13859
0
4.89152
5.07667
5.28997
5.27595
10.0781
5.21073
5.31422
5.62918
0
0
5.24002
6.30988
5.66243
0
0
5.0599
5.35276
0
4.59237
4.95843
5.19909
4.7145
4.31698
4.82962
4.57043
4.47261
0
4.90086
4.57957
0
5.36779
5.98035
5.72362
0
6.13313
0
4.89068
5.06647
5.22905
5.21019
8.68715
5.20943
5.26855
5.57046
0
0
5.13433
5.39945
5.29159
0
0
5.03334
5.33742
0
4.47598
4.84051
5.19836
4.69958
4.28563
4.93713
4.58215
4.4527
0
5.04034
4.57924
0
5.41877
5.9965
6.06835
0
6.12584
0
4.91301
5.09865
5.29351
5.27327
10.1978
5.20378
5.32688
5.68783
0
0
5.2628
5.46233
5.39805
0
0
5.05309
5.30061
0
4.57654
4.97163
5.23624
4.73582
4.31208
4.90707
4.58308
4.48442
0
5.05158
4.56267
0
5.42802
5.97149
6.07449
0
6.13509
0
4.91947
5.11993
5.31299
5.2683
10.2247
5.18492
5.29652
5.70591
0
0
5.28116
5.49784
5.37306
0
0
5.02841
5.37287
0
4.57957
5.01429
5.19026
4.75176
4.29491
4.9065
4.57052
4.46642
0
4.95197
4.55207
0
5.38278
5.91745
5.77929
0
6.11957
0
4.90097
5.10233
5.26289
5.24036
9.11371
5.17323
5.27452
5.62441
0
0
5.18159
5.44486
5.32138
0
0
5.00751
5.30808
0
4.51651
4.88897
5.18356
4.74471
4.2946
4.91635
4.56944
4.45968
0
5.04362
4.55283
0
5.38444
5.9675
6.00433
0
6.1373
0
4.89688
5.11649
5.28628
5.26198
10.1223
5.17739
5.31386
5.65887
0
0
5.24146
5.49856
5.36368
0
0
5.01858
5.26024
0
4.58181
5.0049
5.21621
4.73738
4.28548
4.91346
4.56252
4.46128
0
4.9969
4.55377
0
5.35159
5.99473
5.95797
0
6.1225
0
4.85869
5.043
5.26447
5.23616
10.5698
5.18225
5.26122
5.54239
0
0
5.15035
5.40065
5.41636
0
0
5.01614
5.28787
0
4.61751
4.88881
5.20966
4.67603
4.29647
4.87276
4.5514
4.44547
0
5.01144
4.58248
0
5.38413
6.01911
5.9826
0
6.14743
0
4.87127
5.05833
5.28711
5.24399
10.5277
5.21896
5.2726
5.53336
0
0
5.09714
5.37469
5.40833
0
0
5.04802
5.42033
0
4.58477
4.85268
5.19248
4.65543
4.31376
4.89326
4.58442
4.47466
0
5.00543
4.57586
0
5.35775
5.98952
5.97884
0
6.13314
0
4.86337
5.02949
5.28564
5.24047
10.5729
5.20505
5.2618
5.51297
0
0
5.07309
5.35898
5.40453
0
0
5.02452
5.35464
0
4.60364
4.86885
5.19504
4.64006
4.2946
4.86363
4.55775
4.46548
0
4.99493
4.54428
0
5.53204
5.98078
5.97222
0
6.12108
0
4.82566
5.02406
5.25892
5.21537
10.5259
5.17244
5.23885
5.5015
0
0
5.10465
5.35225
5.38729
0
0
5.00998
5.28444
0
4.62303
4.86969
5.14925
4.64303
4.29343
4.85415
4.55421
4.45512
0
4.88279
4.5589
0
5.33608
5.94753
5.77378
0
6.11878
0
4.86304
5.04417
5.20791
5.21486
9.23111
5.18624
5.26924
5.55767
0
0
5.08523
5.42201
5.26886
0
0
5.00665
5.28242
0
4.51033
4.89071
5.13306
4.6741
4.29388
4.86657
4.55305
4.44729
0
5.0357
4.5535
0
5.42089
5.96958
6.06169
0
6.11073
0
4.88954
5.07744
5.28213
5.23838
10.6492
5.16988
5.272
5.62607
0
0
5.21459
5.89194
5.41034
0
0
5.00486
5.43181
0
4.60032
4.99555
5.18074
4.69534
4.28294
4.89654
4.56426
4.44818
0
5.00026
4.54794
0
5.36524
5.90664
5.94831
0
6.13197
0
4.86507
5.05896
5.23331
5.20311
10.0533
5.1863
5.26812
5.59561
0
0
5.87001
5.4269
5.3162
0
0
4.98667
5.46658
0
4.53418
4.93764
5.1966
4.68502
4.2928
4.88359
4.56292
4.44591
0
5.03408
4.57069
0
6.73277
5.97771
6.00155
0
6.14502
0
4.87234
5.0603
5.29141
5.23235
10.4463
5.18394
5.26026
5.56764
0
0
5.14206
5.42571
5.4053
0
0
5.01427
5.27135
0
4.59674
4.94159
5.17193
4.6805
4.30247
4.90844
4.56319
4.46545
0
4.95108
4.59926
0
5.39772
5.94387
5.83151
0
6.16216
0
4.90069
5.08299
5.26812
5.24207
9.2827
5.23223
5.3136
5.62616
0
0
5.16216
5.46785
5.34158
0
0
5.05333
5.30164
0
4.68674
4.95765
5.21343
4.70774
4.30558
4.91488
4.58253
4.48424
0
5.0603
4.59743
0
5.4256
5.99057
6.0627
0
6.15976
0
4.89531
5.07092
5.3014
5.2734
10.6962
5.19911
5.2669
5.6118
0
0
5.12029
7.01018
5.51947
0
0
5.04447
5.3464
0
4.60654
4.93468
5.19814
4.66708
4.30724
4.87551
4.56339
4.45935
0
5.02298
4.59163
0
5.39131
5.98449
5.94655
0
6.16791
0
4.90784
5.10136
5.29263
5.28129
9.85309
5.21747
5.27954
5.65388
0
0
6.7346
5.61835
5.33154
0
0
5.05831
5.46012
0
4.53465
4.94133
5.22347
4.70509
4.31027
4.9068
4.5793
4.46861
0
5.01587
4.57983
0
5.40123
5.98118
5.95297
0
6.15937
0
4.8968
5.0726
5.26532
5.25984
9.90127
5.20165
5.29206
5.63813
0
0
5.66855
5.41338
5.33401
0
0
5.01223
5.88275
0
4.54088
4.94583
5.20069
4.71989
4.29428
4.92822
4.56374
4.4653
0
5.0178
4.58378
0
5.38515
6.02114
5.93999
0
6.13008
0
4.88445
5.0489
5.27784
5.24275
9.86522
5.20866
5.30041
5.60468
0
0
6.30939
5.41848
5.32334
0
0
5.02392
5.43125
0
4.54321
4.909
5.18955
4.68489
4.29735
4.87795
4.5668
4.46705
0
4.98371
4.56169
0
5.34977
5.92825
5.91552
0
6.12685
0
4.86426
5.04698
5.24171
5.22655
9.84179
5.19476
5.23896
5.59509
0
0
6.39099
5.40352
5.31458
0
0
5.0047
5.47546
0
4.50477
4.90326
5.16038
4.65802
4.293
4.88944
4.54172
4.43689
0
4.98371
4.55174
0
5.37334
5.96673
5.92198
0
6.16022
0
4.87618
5.05649
5.25908
5.24403
9.83725
5.17721
5.27622
5.63151
0
0
6.616
5.41947
5.30944
0
0
4.99101
5.30954
0
4.52431
4.91188
5.20268
4.70017
4.28484
4.88932
4.57491
4.44609
0
4.97857
4.56126
0
5.35311
5.94919
5.93133
0
6.13734
0
4.86992
5.05386
5.26043
5.24091
9.91523
5.18699
5.28152
5.62061
0
0
6.58347
5.43785
5.32528
0
0
5.01079
5.77914
0
4.54466
4.91567
5.18325
4.66634
4.28714
4.89464
4.54296
4.44961
0
4.95629
4.58759
0
5.35406
5.95941
5.83165
0
6.12976
0
4.88425
5.05015
5.26204
5.23688
9.64977
5.21054
5.24875
5.60205
0
0
5.11951
5.41061
5.31241
0
0
5.02412
5.24243
0
4.50522
4.94279
5.19643
4.6493
4.28225
4.88832
4.56523
4.4658
0
5.00991
4.57627
0
5.36882
5.99092
5.99665
0
6.12388
0
4.89168
5.07654
5.28231
5.263
10.6391
5.20949
5.25998
5.60116
0
0
5.16308
6.49692
5.36159
0
0
5.0289
5.44095
0
4.58231
4.93298
5.20985
4.64655
4.29907
4.87504
4.56208
4.45811
0
5.00111
4.55962
0
6.33967
5.98728
5.99664
0
6.13285
0
4.87657
5.05002
5.26547
5.24529
10.5835
5.17396
5.22712
5.55131
0
0
5.08776
5.39705
5.36896
0
0
5.00296
5.38514
0
4.59951
4.89935
5.22141
4.65392
4.28358
4.87017
4.55612
4.43725
0
5.01517
4.59155
0
6.26972
5.99212
6.03279
0
6.1489
0
4.88422
5.09793
5.30527
5.26177
10.5671
5.20101
5.26481
5.59582
0
0
5.16976
5.4243
5.3925
0
0
5.02687
5.32833
0
4.61914
4.93238
5.21719
4.68009
4.31284
4.88557
4.57436
4.46062
0
5.00039
4.57552
0
6.29638
5.92979
6.00846
0
6.14261
0
4.87225
5.05841
5.27513
5.23
10.5862
5.19874
5.25208
5.55639
0
0
5.13862
5.40985
5.39458
0
0
5.01743
5.50666
0
4.61403
4.90067
5.17279
4.6566
4.30375
4.88339
4.57011
4.45778
0
5.01359
4.56889
0
6.28861
6.03171
6.01335
0
6.11582
0
4.84977
5.04551
5.26349
5.22684
10.5685
5.20351
5.25399
5.54005
0
0
5.09709
5.35903
5.37224
0
0
5.00813
5.4997
0
4.61867
4.90272
5.19295
4.66743
4.29259
4.88697
4.57589
4.45466
0
5.02206
4.56977
0
6.30659
6.00778
6.00287
0
6.1637
0
4.92903
5.12962
5.34733
5.28474
10.5552
5.19964
5.31786
5.63267
0
0
5.17821
5.42757
5.38796
0
0
5.00607
5.60473
0
4.62573
4.93933
5.21991
4.70983
4.28254
4.91111
4.5541
4.44365
0
5.02301
4.58206
0
6.2999
5.99168
5.99966
0
6.18349
0
4.90397
5.0978
5.33078
5.29919
10.4958
5.18815
5.31745
5.6249
0
0
5.23086
5.43422
5.3937
0
0
5.04548
5.35495
0
4.61688
4.94385
5.17114
4.69581
4.30294
4.90031
4.59276
4.47133
0
5.02099
4.57718
0
6.24114
6.03054
5.99554
0
6.13186
0
4.89924
5.1032
5.31321
5.29621
10.5353
5.2266
5.29307
5.59828
0
0
5.16246
5.40804
5.41065
0
0
5.02826
5.39877
0
4.61794
4.94448
5.24375
4.69912
4.31229
4.88972
4.57462
4.47039
0
5.00923
4.59547
0
6.38024
5.98241
5.99889
0
6.14818
0
4.89283
5.06618
5.2791
5.22145
10.631
5.21203
5.30405
5.53952
0
0
5.11524
5.39366
5.38566
0
0
5.02539
5.56464
0
4.6008
4.90713
5.19103
4.68048
4.30125
4.88887
4.56759
4.45166
0
5.03438
4.57554
0
6.34102
5.9672
5.98476
0
6.14943
0
4.89353
5.06653
5.29609
5.25012
10.6282
5.19409
5.26324
5.58304
0
0
5.15266
5.42153
5.39512
0
0
5.01889
5.43675
0
4.61281
4.91287
5.17871
4.66606
4.29123
4.86588
4.54516
4.45513
0
5.02585
4.57384
0
6.23138
5.94426
5.97924
0
6.17033
0
4.8773
5.03741
5.29084
5.25091
10.6106
5.18069
5.25888
5.55143
0
0
5.11927
5.37818
5.37528
0
0
5.00168
5.58282
0
4.61057
4.89958
5.20213
4.64899
4.28764
4.88883
4.54672
4.44943
0
5.0429
4.59599
0
6.3047
5.99751
6.00736
0
6.17879
0
4.90557
5.07306
5.29797
5.26131
10.5903
5.2164
5.29744
5.60971
0
0
5.16455
5.39809
5.40932
0
0
5.04403
5.56839
0
4.62776
4.9357
5.21246
4.65936
4.31741
4.9107
4.60349
4.48238
0
4.99879
4.58671
0
6.31361
5.98639
6.01227
0
6.13176
0
4.86495
5.05097
5.26598
5.23467
10.4968
5.21565
5.27805
5.56958
0
0
5.16686
5.45363
5.39639
0
0
5.02992
5.41104
0
4.6151
4.91699
5.21407
4.6807
4.30315
4.86057
4.58865
4.45616
0
5.025
4.59211
0
6.30309
6.00606
5.98981
0
6.18808
0
4.89314
5.05476
5.27406
5.26504
10.5065
5.20903
5.28456
5.55334
0
0
5.13352
5.3666
5.41848
0
0
5.04648
5.30513
0
4.62603
4.92317
5.18068
4.6768
4.33217
4.87374
4.57116
4.48538
0
5.02438
4.58081
0
6.36144
5.99213
5.98537
0
6.1587
0
4.87136
5.055
5.26504
5.24653
10.5816
5.1834
5.27853
5.55096
0
0
5.10409
5.36294
5.34741
0
0
5.01059
5.44479
0
4.59122
4.89464
5.19058
4.65586
4.29492
4.87303
4.54896
4.46386
0
4.99723
4.57756
0
6.36786
5.95021
5.97509
0
6.13497
0
4.89521
5.0846
5.29661
5.27113
10.5531
5.22066
5.25549
5.58357
0
0
5.12692
5.4155
5.38418
0
0
5.01167
5.38037
0
4.58663
4.91553
5.16009
4.66373
4.29345
4.87126
4.56783
4.43823
0
5.03021
4.60215
0
6.30535
6.02787
6.02764
0
6.19148
0
4.91482
5.09815
5.29775
5.2879
10.4867
5.21302
5.2987
5.58748
0
0
5.16086
5.40337
5.40985
0
0
5.0439
5.47546
0
4.60123
4.91563
5.15999
4.68548
4.31569
4.91142
4.59233
4.47762
0
5.05552
4.58627
0
6.42638
5.98893
6.04444
0
6.1524
0
4.93366
5.12746
5.33933
5.28463
10.5913
5.20688
5.31548
5.64477
0
0
5.24783
5.48171
5.4453
0
0
5.03623
5.41338
0
4.65101
5.01234
5.16407
4.71886
4.30234
4.91443
4.55232
4.46172
0
5.00618
4.5523
0
5.34553
5.95243
6.00183
0
6.11071
0
4.89166
5.08638
5.29004
5.23481
10.6399
5.19166
5.2672
5.61377
0
0
5.22719
5.45849
5.39553
0
0
4.98877
5.31336
0
4.61996
4.96005
5.16877
4.69296
4.28586
4.88718
4.55041
4.43655
0
4.92564
4.6018
0
5.42375
5.96941
5.78588
0
6.14565
0
4.90493
5.1308
5.27607
5.24321
9.18698
5.2392
5.29945
5.64797
0
0
5.183
5.46863
5.33642
0
0
5.05379
5.33742
0
4.52595
4.91407
5.24768
4.71389
4.30504
4.93177
4.58054
4.44942
0
5.01517
4.57055
0
5.3439
5.99356
5.98932
0
6.12774
0
4.88722
5.06654
5.27409
5.23395
10.6201
5.19488
5.27513
5.5998
0
0
5.13259
5.41908
5.36101
0
0
5.0244
5.40184
0
4.6057
4.92452
5.20751
4.66713
4.30392
4.88056
4.55913
4.44984
0
4.98744
4.56038
0
5.35936
5.94944
5.91842
0
6.13512
0
4.86873
5.06045
5.24581
5.22089
9.83306
5.20977
5.28467
5.63208
0
0
5.14931
5.42211
5.30956
0
0
5.01277
5.30911
0
4.51712
4.90487
5.19602
4.68587
4.29376
4.89213
4.57034
4.44893
0
4.83697
4.5652
0
5.31588
5.95306
5.69201
0
6.13323
0
4.89531
5.03993
5.30147
5.28782
10.2481
5.2121
5.24107
5.52108
0
0
5.03259
5.30181
5.29092
0
0
5.03117
5.32416
0
4.53176
4.89598
5.17763
4.63116
4.30694
4.8943
4.5914
4.47153
0
4.85665
4.5922
0
5.3373
5.99048
5.74415
0
6.16561
0
4.87773
5.03139
5.31495
5.29399
10.241
5.22884
5.27125
5.50761
0
0
5.04285
5.32796
5.30933
0
0
5.04699
5.25649
0
4.54147
4.89342
5.22135
4.64927
4.31828
4.87215
4.58994
4.47215
0
4.83548
4.58948
0
5.30532
5.99082
5.71617
0
6.14707
0
4.87619
5.03957
5.28583
5.26652
10.255
5.22283
5.26147
5.47948
0
0
5.05108
5.3081
5.2892
0
0
5.04319
5.3464
0
4.52827
4.88446
5.18377
4.6311
4.31726
4.8824
4.58194
4.46502
0
4.68461
4.91093
0
5.26306
4.61918
4.5943
0
4.60187
0
4.83459
5.00801
5.24751
5.2657
5.11854
5.17656
5.24026
5.40223
0
0
4.99456
5.27454
5.22958
0
0
5.0326
5.21472
0
4.29275
4.53802
5.18667
4.61592
4.31215
4.75807
4.68806
4.46751
0
4.75205
4.96144
0
5.32203
4.653
4.64702
0
4.64131
0
4.88992
5.05176
5.3141
5.27357
5.18856
5.20672
5.2952
5.47942
0
0
5.11876
5.37335
5.29106
0
0
5.07329
5.36469
0
4.33834
4.58021
5.17825
4.68112
4.32885
4.76994
4.68962
4.47676
0
4.74381
4.95796
0
5.34908
4.63829
4.63221
0
4.62991
0
4.88161
5.05462
5.31334
5.26329
5.1858
5.21096
5.28223
5.48679
0
0
5.11063
5.3587
5.26746
0
0
5.05974
5.3546
0
4.32071
4.56235
5.1827
4.65645
4.31372
4.77801
4.71733
4.46036
0
4.95411
5.03007
0
5.63541
4.65173
4.6287
0
4.63759
0
5.09807
5.37779
5.58041
5.40595
5.42056
5.2099
5.4844
5.9633
0
0
5.73161
5.94688
5.5257
0
0
6.51967
5.75097
0
4.57022
5.05009
5.1985
4.94649
4.32364
4.82685
4.83025
4.47303
0
4.94735
5.01835
0
5.64679
4.62306
4.60362
0
4.61179
0
5.06729
5.36838
5.54909
5.3609
5.42035
5.1921
5.46508
5.96631
0
0
5.72986
5.93365
5.51343
0
0
6.6968
5.62157
0
4.55718
5.0553
5.2278
4.95291
4.30551
5.35683
4.81739
4.45098
0
4.71393
4.92868
0
5.30011
4.6143
4.60046
0
4.60623
0
4.86868
5.03741
5.27332
5.26293
5.15049
5.18075
5.27522
5.45306
0
0
5.07198
5.35193
5.24421
0
0
5.03497
5.29525
0
4.33775
4.56174
5.13228
4.65244
4.29365
5.30277
4.70162
4.4593
0
4.72367
4.93652
0
5.35447
4.60174
4.59038
0
4.60394
0
5.00589
5.13039
5.32635
5.25219
5.14932
5.1649
5.28652
5.5476
0
0
5.15047
5.40077
5.26352
0
0
5.04246
5.36888
0
4.3333
4.59891
5.23442
4.78736
4.28965
5.44516
4.72599
4.45806
0
4.70649
4.951
0
5.37718
4.64293
4.62688
0
4.64647
0
4.50183
5.07061
4.84474
4.92574
5.13208
5.18789
5.24195
5.41808
0
0
5.06059
5.31349
5.26625
0
0
5.07109
5.41263
0
4.31577
4.53679
5.19646
4.68515
4.46669
6.10939
4.62423
4.88519
0
4.67683
4.93995
0
5.32875
4.64425
4.62108
0
4.63343
0
4.50309
4.98262
4.83979
4.91285
5.12343
5.20092
5.23397
5.39251
0
0
5.00951
5.25207
5.21409
0
0
5.07316
5.31489
0
4.2903
4.48739
5.23055
4.6217
4.43915
6.08753
4.55817
4.78134
0
4.97435
5.05816
0
5.35777
4.6359
4.61333
0
4.62196
0
4.51467
5.55736
4.83994
4.9074
5.46089
5.2047
5.50375
6.14641
0
0
6.00388
6.17131
5.60379
0
0
6.40354
5.89184
0
4.64123
5.30665
5.21935
5.10835
4.48983
6.27753
4.61189
4.84005
0
4.66712
4.91654
0
5.31845
4.62522
4.59967
0
4.61536
0
4.49441
4.98521
4.82777
4.88253
5.09047
5.16758
5.20975
5.36735
0
0
4.98861
5.24297
5.19806
0
0
5.03824
5.29925
0
4.2844
4.4948
5.17004
4.61316
4.42493
6.01106
4.61678
4.83134
0
4.68033
4.94714
0
5.3546
4.65008
4.63379
0
4.63764
0
4.52523
5.05565
4.85123
4.92813
5.13629
5.20602
5.25036
5.43022
0
0
5.03787
5.29864
5.24543
0
0
5.08051
5.34028
0
4.32256
4.53397
5.20065
4.67459
4.4395
6.12734
4.66174
4.87191
0
4.663
4.93169
0
5.34976
4.62572
4.60144
0
4.6091
0
4.49188
5.03152
4.82632
4.89824
5.09563
5.17453
5.24359
5.42537
0
0
5.04397
5.2748
5.21345
0
0
5.03968
5.29222
0
4.31323
4.53903
5.17432
4.65661
4.43664
6.06067
4.69108
4.90329
0
4.66528
4.89313
0
5.30829
4.60739
4.5833
0
4.58685
0
4.50013
5.03933
4.82633
4.89839
5.10673
5.18586
5.2427
5.40735
0
0
5.03869
5.25125
5.20486
0
0
5.02742
5.34181
0
4.30016
4.51545
5.16762
4.64607
4.43589
6.03609
4.80504
5.02392
0
4.72068
4.99573
0
5.34474
4.68066
4.6575
0
4.66673
0
4.53268
5.04173
4.86995
4.92491
5.16179
5.22547
5.2389
5.4394
0
0
5.03579
5.27863
5.27009
0
0
5.09486
5.31989
0
4.33311
4.54708
5.21006
4.65092
4.48765
6.06792
4.79436
4.9877
0
4.69664
4.95152
0
5.34091
4.65774
4.63219
0
4.65542
0
4.52885
5.07674
4.8445
4.93081
5.1375
5.20195
5.23187
5.48064
0
0
5.07513
5.32755
5.24337
0
0
5.57587
5.29281
0
4.32041
4.5644
5.21666
4.64843
4.43905
6.14769
4.1294
4.8757
0
4.64518
4.91739
0
5.29713
4.69865
4.67126
0
4.67375
0
4.48655
5.0067
4.81253
4.88382
5.09275
5.16787
5.22333
5.39476
0
0
4.98459
5.49636
5.19993
0
0
5.3779
5.15337
0
4.28663
4.52028
5.18847
4.58614
4.45337
6.02226
4.11043
4.81604
0
5.75141
5.38568
0
5.32372
4.62354
4.60729
0
4.62236
0
4.51003
6.97786
4.8253
4.9161
6.32949
5.18087
6.20724
7.65743
0
0
7.70981
7.83952
6.53404
0
0
5.53593
5.42108
0
5.52671
7.18865
5.22996
6.21214
4.53929
6.77135
5.37608
7.26905
0
4.70768
4.93822
0
5.33685
4.67328
4.65905
0
4.65599
0
4.4892
5.07205
4.812
4.87897
5.12327
5.18448
5.22682
5.45803
0
0
5.07059
5.33284
5.24464
0
0
5.40849
5.31989
0
4.32858
4.59875
5.2054
4.59988
4.45247
6.03028
4.10815
4.88554
0
4.71411
4.93888
0
5.28714
4.61327
4.59402
0
4.60162
0
4.49341
5.06109
4.80825
4.8974
5.13445
5.17987
5.2419
5.42853
0
0
5.04558
5.31236
5.23104
0
0
5.3974
5.27607
0
4.3226
4.59587
5.19058
4.614
4.44864
6.18691
4.10756
4.88005
0
6.07901
5.58976
0
5.26227
4.60159
4.5855
0
4.60507
0
4.48742
7.65733
4.82394
4.89963
6.69157
5.17951
6.41052
7.63856
0
0
7.49377
7.58955
7.04171
0
0
5.5739
5.34765
0
5.99643
7.8911
5.16575
6.78921
4.52917
6.98726
5.8504
7.72551
0
